# TBLASTN 2.12.0+
# Query: Adenomera_andreae_SWS2_SC6428
# Database: ../blastDB/RanitomeyaDB/Ranitomeya.0
# Fields: query acc.ver, subject acc.ver, % identity, alignment length, mismatches, gap opens, q. start, q. end, s. start, s. end, evalue, bit score
# 368 hits found
Adenomera_andreae_SWS2_SC6428	CAJOBX010017724.1	44.068	177	64	2	177	321	95079	95600	1.16e-36	147
Adenomera_andreae_SWS2_SC6428	CAJOBX010017724.1	53.846	65	30	0	122	186	94363	94557	1.69e-13	79.3
Adenomera_andreae_SWS2_SC6428	CAJOBX010017724.1	38.994	159	82	5	4	150	92886	93353	5.65e-10	68.2
Adenomera_andreae_SWS2_SC6428	CAJOBX010072493.1	43.195	169	63	2	186	321	280978	280472	6.68e-35	142
Adenomera_andreae_SWS2_SC6428	CAJOBX010072493.1	48.611	72	35	1	117	186	282279	282064	2.83e-13	78.6
Adenomera_andreae_SWS2_SC6428	CAJOBX010072493.1	47.154	123	58	3	11	131	284044	283691	5.08e-12	74.7
Adenomera_andreae_SWS2_SC6428	CAJOBX010072493.1	21.827	197	118	6	117	285	3637170	3637736	0.002	47.8
Adenomera_andreae_SWS2_SC6428	CAJOBX010026903.1	59.036	83	34	0	242	324	247409	247161	3.36e-23	108
Adenomera_andreae_SWS2_SC6428	CAJOBX010026903.1	62.712	59	22	0	185	243	269271	269095	1.55e-14	82.4
Adenomera_andreae_SWS2_SC6428	CAJOBX010026903.1	45.600	125	63	1	10	134	275001	274642	1.63e-10	70.1
Adenomera_andreae_SWS2_SC6428	CAJOBX010026903.1	54.386	57	26	0	130	186	272116	271946	2.08e-10	69.7
Adenomera_andreae_SWS2_SC6428	CAJOBX010007180.1	44.737	114	61	1	129	242	392225	392560	4.19e-22	105
Adenomera_andreae_SWS2_SC6428	CAJOBX010007180.1	53.247	77	36	0	248	324	398483	398713	2.71e-18	93.6
Adenomera_andreae_SWS2_SC6428	CAJOBX010007158.1	58.228	79	33	0	243	321	130510	130746	4.47e-22	105
Adenomera_andreae_SWS2_SC6428	CAJOBX010007158.1	55.128	78	31	1	114	191	118557	118778	8.16e-18	92.4
Adenomera_andreae_SWS2_SC6428	CAJOBX010007158.1	46.667	45	18	2	191	231	119081	119209	3.5	37.4
Adenomera_andreae_SWS2_SC6428	CAJOBX010018113.1	52.632	95	40	1	242	336	1219116	1218847	1.60e-21	103
Adenomera_andreae_SWS2_SC6428	CAJOBX010018113.1	41.818	55	31	1	130	183	1223897	1223733	1.91e-04	50.8
Adenomera_andreae_SWS2_SC6428	CAJOBX010018113.1	39.655	58	35	0	186	243	1222535	1222362	0.011	45.4
Adenomera_andreae_SWS2_SC6428	CAJOBX010006235.1	45.133	113	60	1	130	242	42453	42785	2.68e-21	102
Adenomera_andreae_SWS2_SC6428	CAJOBX010006235.1	45.679	81	42	2	245	324	50540	50779	4.42e-11	71.6
Adenomera_andreae_SWS2_SC6428	CAJOBX010072048.1	58.108	74	31	0	248	321	15331668	15331447	3.24e-20	99.4
Adenomera_andreae_SWS2_SC6428	CAJOBX010072048.1	31.667	240	102	3	4	186	15333183	15332479	7.67e-18	92.4
Adenomera_andreae_SWS2_SC6428	CAJOBX010072048.1	53.846	78	35	1	186	262	15332231	15331998	8.30e-15	83.2
Adenomera_andreae_SWS2_SC6428	CAJOBX010072427.1	50.000	86	43	0	236	321	66439	66182	5.56e-19	95.9
Adenomera_andreae_SWS2_SC6428	CAJOBX010072427.1	47.541	61	32	0	130	190	68059	67877	1.89e-08	63.5
Adenomera_andreae_SWS2_SC6428	CAJOBX010072427.1	65.517	29	10	0	130	158	99397	99311	0.035	43.5
Adenomera_andreae_SWS2_SC6428	CAJOBX010072427.1	26.374	91	59	1	186	268	67639	67367	0.19	41.2
Adenomera_andreae_SWS2_SC6428	CAJOBX010072427.1	37.624	101	63	0	30	130	68820	68518	0.21	41.2
Adenomera_andreae_SWS2_SC6428	CAJOBX010027224.1	43.902	82	46	0	242	323	206043	205798	9.64e-17	89.0
Adenomera_andreae_SWS2_SC6428	CAJOBX010027224.1	40.260	77	46	0	124	200	257925	257695	1.47e-13	79.3
Adenomera_andreae_SWS2_SC6428	CAJOBX010043875.1	37.391	115	66	3	130	242	4762	5094	1.19e-13	79.7
Adenomera_andreae_SWS2_SC6428	CAJOBX010034670.1	25.625	320	213	12	31	337	32369	31446	1.53e-12	76.3
Adenomera_andreae_SWS2_SC6428	CAJOBX010072117.1	27.063	303	187	11	51	337	10086	9232	6.21e-12	74.3
Adenomera_andreae_SWS2_SC6428	CAJOBX010071369.1	53.623	69	32	0	253	321	82577	82783	2.84e-11	72.4
Adenomera_andreae_SWS2_SC6428	CAJOBX010013533.1	35.897	117	66	3	129	242	15988	15656	6.29e-11	71.2
Adenomera_andreae_SWS2_SC6428	CAJOBX010010928.1	42.529	87	50	0	246	332	44794	44534	7.34e-11	70.9
Adenomera_andreae_SWS2_SC6428	CAJOBX010011392.1	22.128	235	158	6	106	330	381343	382002	1.59e-09	67.0
Adenomera_andreae_SWS2_SC6428	CAJOBX010001538.1	21.888	233	167	5	110	334	22692	22015	2.05e-09	66.6
Adenomera_andreae_SWS2_SC6428	CAJOBX010013004.1	23.958	192	138	4	144	332	21452	20892	2.82e-09	66.2
Adenomera_andreae_SWS2_SC6428	CAJOBX010072468.1	34.545	110	70	1	124	233	99549	99872	3.68e-09	65.9
Adenomera_andreae_SWS2_SC6428	CAJOBX010072468.1	40.541	74	44	0	250	323	106687	106908	2.62e-08	63.2
Adenomera_andreae_SWS2_SC6428	CAJOBX010011113.1	24.194	248	158	9	101	335	13707362	13708054	3.70e-09	65.9
Adenomera_andreae_SWS2_SC6428	CAJOBX010007002.1	25.517	290	183	10	58	330	406138	406959	5.05e-09	65.5
Adenomera_andreae_SWS2_SC6428	CAJOBX010007779.1	32.759	116	73	2	128	243	19187499	19187831	5.82e-09	65.1
Adenomera_andreae_SWS2_SC6428	CAJOBX010007779.1	35.632	87	56	0	245	331	19189251	19189511	9.12e-07	58.2
Adenomera_andreae_SWS2_SC6428	CAJOBX010007779.1	21.429	210	140	7	137	335	20396549	20395962	3.2	37.4
Adenomera_andreae_SWS2_SC6428	CAJOBX010003891.1	26.042	192	130	5	143	329	238629	239183	1.07e-08	64.3
Adenomera_andreae_SWS2_SC6428	CAJOBX010016780.1	22.358	246	176	7	103	335	2130750	2130019	1.23e-08	64.3
Adenomera_andreae_SWS2_SC6428	CAJOBX010001114.1	26.122	245	145	8	111	331	149732	150430	1.26e-08	63.9
Adenomera_andreae_SWS2_SC6428	CAJOBX010011159.1	23.451	226	161	6	111	330	83953	84612	2.38e-08	63.2
Adenomera_andreae_SWS2_SC6428	CAJOBX010036335.1	21.491	228	167	4	107	330	467130	467789	3.61e-08	62.8
Adenomera_andreae_SWS2_SC6428	CAJOBX010008557.1	26.500	200	130	8	133	324	841049	840477	1.50e-07	60.8
Adenomera_andreae_SWS2_SC6428	CAJOBX010007113.1	21.622	222	166	6	111	330	602464	601817	2.01e-07	60.5
Adenomera_andreae_SWS2_SC6428	CAJOBX010005534.1	26.490	302	188	11	36	324	29479	28637	3.01e-07	59.7
Adenomera_andreae_SWS2_SC6428	CAJOBX010001193.1	24.873	197	136	6	141	332	50276	49707	4.57e-07	59.3
Adenomera_andreae_SWS2_SC6428	CAJOBX010001359.1	23.045	243	161	11	102	330	117397	116705	8.65e-07	58.2
Adenomera_andreae_SWS2_SC6428	CAJOBX010001359.1	22.768	224	155	7	111	328	109373	110008	2.19e-06	57.0
Adenomera_andreae_SWS2_SC6428	CAJOBX010001359.1	22.944	231	149	11	114	330	96123	95476	0.13	42.0
Adenomera_andreae_SWS2_SC6428	CAJOBX010001359.1	21.138	246	163	10	103	330	139193	138495	0.73	39.3
Adenomera_andreae_SWS2_SC6428	CAJOBX010067779.1	23.789	227	150	5	115	330	7823159	7822515	1.02e-06	58.2
Adenomera_andreae_SWS2_SC6428	CAJOBX010067779.1	21.930	228	153	5	115	330	7789169	7789813	0.15	41.6
Adenomera_andreae_SWS2_SC6428	CAJOBX010051557.1	24.312	218	146	9	115	323	202690	202067	1.20e-06	57.8
Adenomera_andreae_SWS2_SC6428	CAJOBX010000576.1	23.423	222	163	5	111	330	42407	43057	1.80e-06	57.4
Adenomera_andreae_SWS2_SC6428	CAJOBX010016587.1	29.286	140	83	7	198	332	16785	17171	1.91e-06	57.4
Adenomera_andreae_SWS2_SC6428	CAJOBX010051112.1	26.630	184	116	6	97	276	9609908	9609402	3.18e-06	56.6
Adenomera_andreae_SWS2_SC6428	CAJOBX010051112.1	25.455	165	106	7	115	276	9594575	9594123	0.051	43.1
Adenomera_andreae_SWS2_SC6428	CAJOBX010004888.1	23.729	236	151	6	112	333	34981	34319	4.03e-06	56.2
Adenomera_andreae_SWS2_SC6428	CAJOBX010000113.1	21.164	189	124	4	119	285	32047	31490	4.26e-06	56.2
Adenomera_andreae_SWS2_SC6428	CAJOBX010016892.1	21.941	237	165	6	103	324	165862	165167	4.39e-06	56.2
Adenomera_andreae_SWS2_SC6428	CAJOBX010072937.1	22.785	237	170	7	102	332	775392	776081	4.59e-06	56.2
Adenomera_andreae_SWS2_SC6428	CAJOBX010006668.1	25.234	214	138	7	133	336	23030730	23031335	4.88e-06	55.8
Adenomera_andreae_SWS2_SC6428	CAJOBX010006668.1	36.066	61	39	0	261	321	8164573	8164755	0.006	46.2
Adenomera_andreae_SWS2_SC6428	CAJOBX010010890.1	23.556	225	160	5	115	332	2238109	2237450	6.07e-06	55.8
Adenomera_andreae_SWS2_SC6428	CAJOBX010010890.1	28.333	120	79	3	216	331	1856843	1857193	4.31e-05	53.1
Adenomera_andreae_SWS2_SC6428	CAJOBX010071271.1	25.778	225	143	9	115	324	7754881	7754234	1.40e-05	54.7
Adenomera_andreae_SWS2_SC6428	CAJOBX010071271.1	22.414	232	152	6	105	323	383009	383659	0.014	45.1
Adenomera_andreae_SWS2_SC6428	CAJOBX010071271.1	23.077	221	154	8	115	324	7768255	7767608	0.096	42.4
Adenomera_andreae_SWS2_SC6428	CAJOBX010014447.1	26.540	211	127	8	133	333	2367817	2367239	1.54e-05	54.3
Adenomera_andreae_SWS2_SC6428	CAJOBX010011985.1	23.684	228	153	9	107	328	9423	10061	2.21e-05	53.9
Adenomera_andreae_SWS2_SC6428	CAJOBX010020335.1	24.771	218	136	8	133	337	1237707	1238315	2.55e-05	53.5
Adenomera_andreae_SWS2_SC6428	CAJOBX010071937.1	27.941	68	49	0	258	325	7786312	7786515	3.07e-05	53.5
Adenomera_andreae_SWS2_SC6428	CAJOBX010071937.1	22.609	115	85	1	157	267	7775202	7775546	1.45e-04	51.2
Adenomera_andreae_SWS2_SC6428	CAJOBX010027513.1	22.271	229	158	7	111	330	183445	182792	3.40e-05	53.1
Adenomera_andreae_SWS2_SC6428	CAJOBX010027513.1	25.446	224	154	6	113	335	131506	132141	0.14	41.6
Adenomera_andreae_SWS2_SC6428	CAJOBX010071319.1	26.174	149	81	5	198	334	40755	40360	4.77e-05	52.8
Adenomera_andreae_SWS2_SC6428	CAJOBX010003209.1	26.728	217	145	6	119	334	23577	22966	5.92e-05	52.4
Adenomera_andreae_SWS2_SC6428	CAJOBX010043561.1	29.231	65	46	0	260	324	11812	11618	6.44e-05	52.4
Adenomera_andreae_SWS2_SC6428	CAJOBX010009002.1	23.013	239	153	7	105	323	605069	605752	6.73e-05	52.4
Adenomera_andreae_SWS2_SC6428	CAJOBX010010751.1	22.727	286	199	8	50	323	42897	43724	7.01e-05	52.4
Adenomera_andreae_SWS2_SC6428	CAJOBX010032223.1	25.221	226	133	8	119	329	5881472	5880858	8.22e-05	52.0
Adenomera_andreae_SWS2_SC6428	CAJOBX010032223.1	23.810	252	151	9	97	329	6100440	6099751	2.69e-04	50.4
Adenomera_andreae_SWS2_SC6428	CAJOBX010032223.1	25.339	221	125	10	129	334	6032255	6032842	5.93e-04	49.3
Adenomera_andreae_SWS2_SC6428	CAJOBX010032223.1	24.402	209	122	9	137	330	5979682	5980245	0.003	47.0
Adenomera_andreae_SWS2_SC6428	CAJOBX010032223.1	24.880	209	121	8	137	330	5859177	5858614	0.006	46.2
Adenomera_andreae_SWS2_SC6428	CAJOBX010032223.1	26.047	215	117	11	137	334	6003737	6004306	0.026	43.9
Adenomera_andreae_SWS2_SC6428	CAJOBX010032223.1	23.188	207	123	8	137	328	5963739	5963182	0.036	43.5
Adenomera_andreae_SWS2_SC6428	CAJOBX010032223.1	22.511	231	133	8	119	329	5945591	5944977	0.084	42.4
Adenomera_andreae_SWS2_SC6428	CAJOBX010032223.1	23.944	213	124	10	137	334	5763925	5764494	0.11	42.0
Adenomera_andreae_SWS2_SC6428	CAJOBX010032223.1	24.155	207	121	10	137	328	6062643	6063200	0.42	40.0
Adenomera_andreae_SWS2_SC6428	CAJOBX010032223.1	23.913	230	129	12	124	334	5720246	5720854	1.4	38.5
Adenomera_andreae_SWS2_SC6428	CAJOBX010032223.1	23.445	209	124	9	137	330	6093053	6093616	5.6	36.6
Adenomera_andreae_SWS2_SC6428	CAJOBX010070331.1	27.119	118	83	2	216	331	81998	82348	9.18e-05	52.0
Adenomera_andreae_SWS2_SC6428	CAJOBX010021824.1	25.581	215	130	7	115	317	44561	45151	1.01e-04	51.6
Adenomera_andreae_SWS2_SC6428	CAJOBX010021824.1	25.333	225	142	10	108	322	144497	145123	0.001	48.1
Adenomera_andreae_SWS2_SC6428	CAJOBX010021824.1	24.215	223	135	7	115	322	81208	81819	0.002	47.4
Adenomera_andreae_SWS2_SC6428	CAJOBX010002068.1	22.269	238	164	7	105	330	62372	63058	1.03e-04	51.6
Adenomera_andreae_SWS2_SC6428	CAJOBX010002068.1	23.099	342	219	11	8	330	21238	22188	0.002	47.8
Adenomera_andreae_SWS2_SC6428	CAJOBX010002068.1	18.681	182	130	6	115	289	1417	1929	0.094	35.8
Adenomera_andreae_SWS2_SC6428	CAJOBX010002068.1	57.143	14	6	0	311	324	2015	2056	0.094	25.4
Adenomera_andreae_SWS2_SC6428	CAJOBX010044445.1	24.638	276	182	10	58	323	34092285	34093064	1.36e-04	51.2
Adenomera_andreae_SWS2_SC6428	CAJOBX010044445.1	24.014	279	188	8	54	321	24585204	24584407	6.25e-04	49.3
Adenomera_andreae_SWS2_SC6428	CAJOBX010044445.1	19.283	223	162	5	115	329	30184532	30185170	0.020	44.3
Adenomera_andreae_SWS2_SC6428	CAJOBX010044445.1	22.090	335	220	7	5	324	34108801	34109727	0.093	42.4
Adenomera_andreae_SWS2_SC6428	CAJOBX010044445.1	23.183	289	177	12	1	277	33797162	33797929	0.55	39.7
Adenomera_andreae_SWS2_SC6428	CAJOBX010010002.1	19.005	221	174	4	111	330	518979	518329	1.44e-04	51.2
Adenomera_andreae_SWS2_SC6428	CAJOBX010028702.1	24.352	193	119	5	156	330	147022	146471	1.61e-04	51.2
Adenomera_andreae_SWS2_SC6428	CAJOBX010060558.1	23.043	230	150	9	115	328	26398	25742	1.70e-04	51.2
Adenomera_andreae_SWS2_SC6428	CAJOBX010073048.1	33.628	113	68	4	217	324	5842411	5842079	1.95e-04	50.8
Adenomera_andreae_SWS2_SC6428	CAJOBX010073048.1	21.577	241	167	8	101	329	2100304	2100996	0.016	44.7
Adenomera_andreae_SWS2_SC6428	CAJOBX010047269.1	21.457	247	165	8	98	334	112053	112736	2.05e-04	50.8
Adenomera_andreae_SWS2_SC6428	CAJOBX010018668.1	26.923	208	132	4	57	258	220897	221478	2.14e-04	50.8
Adenomera_andreae_SWS2_SC6428	CAJOBX010035557.1	22.951	244	156	8	97	328	3555287	3554616	2.18e-04	50.8
Adenomera_andreae_SWS2_SC6428	CAJOBX010035557.1	21.901	242	137	6	114	328	6291034	6290384	0.002	47.4
Adenomera_andreae_SWS2_SC6428	CAJOBX010003901.1	24.062	320	221	12	7	313	30861	31793	2.23e-04	50.8
Adenomera_andreae_SWS2_SC6428	CAJOBX010000775.1	20.181	332	237	9	3	324	53022	52081	2.37e-04	50.4
Adenomera_andreae_SWS2_SC6428	CAJOBX010052179.1	27.692	65	47	0	261	325	89547	89741	2.50e-04	50.4
Adenomera_andreae_SWS2_SC6428	CAJOBX010006669.1	23.228	254	153	9	115	332	1997416	1996673	2.64e-04	50.4
Adenomera_andreae_SWS2_SC6428	CAJOBX010046601.1	24.000	225	159	5	115	332	3635	2976	2.68e-04	50.4
Adenomera_andreae_SWS2_SC6428	CAJOBX010018779.1	23.849	239	153	9	99	324	892222	892890	3.09e-04	50.1
Adenomera_andreae_SWS2_SC6428	CAJOBX010009832.1	28.030	132	87	5	130	259	4261	4638	3.91e-04	50.1
Adenomera_andreae_SWS2_SC6428	CAJOBX010009832.1	31.250	80	52	1	245	321	17832	18071	0.059	43.1
Adenomera_andreae_SWS2_SC6428	CAJOBX010015780.1	26.087	207	124	11	136	333	482645	483205	6.04e-04	49.3
Adenomera_andreae_SWS2_SC6428	CAJOBX010005058.1	22.407	241	151	9	115	326	268283	267582	7.05e-04	49.3
Adenomera_andreae_SWS2_SC6428	CAJOBX010001670.1	26.027	219	139	8	113	320	282090	282710	7.50e-04	48.9
Adenomera_andreae_SWS2_SC6428	CAJOBX010001670.1	21.973	223	156	6	115	328	298697	299338	0.025	44.3
Adenomera_andreae_SWS2_SC6428	CAJOBX010040002.1	23.246	228	148	4	113	317	360317	360988	7.57e-04	48.9
Adenomera_andreae_SWS2_SC6428	CAJOBX010000555.1	19.731	223	156	7	115	324	62032	62670	8.51e-04	48.9
Adenomera_andreae_SWS2_SC6428	CAJOBX010033334.1	21.053	209	147	6	133	332	10852339	10851740	8.62e-04	48.9
Adenomera_andreae_SWS2_SC6428	CAJOBX010033334.1	26.400	125	83	4	112	235	20864467	20864817	0.015	45.1
Adenomera_andreae_SWS2_SC6428	CAJOBX010033334.1	22.772	101	64	3	242	332	20865124	20865414	0.65	39.7
Adenomera_andreae_SWS2_SC6428	CAJOBX010017781.1	20.745	188	124	4	118	285	81386	80838	0.001	48.9
Adenomera_andreae_SWS2_SC6428	CAJOBX010001113.1	19.831	237	127	7	144	332	3500119	3500784	0.001	48.5
Adenomera_andreae_SWS2_SC6428	CAJOBX010023935.1	19.328	238	128	7	144	332	13624	14292	0.001	48.5
Adenomera_andreae_SWS2_SC6428	CAJOBX010072100.1	36.585	82	49	1	245	323	41778	41533	0.001	48.5
Adenomera_andreae_SWS2_SC6428	CAJOBX010034930.1	22.403	308	199	10	60	335	16586	15687	0.001	48.5
Adenomera_andreae_SWS2_SC6428	CAJOBX010003581.1	23.629	237	154	9	99	324	476578	475916	0.001	48.5
Adenomera_andreae_SWS2_SC6428	CAJOBX010005492.1	26.809	235	153	7	114	331	37300	37998	0.001	48.5
Adenomera_andreae_SWS2_SC6428	CAJOBX010013911.1	22.917	240	149	6	107	317	42377	41679	0.001	48.1
Adenomera_andreae_SWS2_SC6428	CAJOBX010012058.1	20.561	214	149	6	131	334	12400	11792	0.001	48.1
Adenomera_andreae_SWS2_SC6428	CAJOBX010003966.1	37.705	61	38	0	261	321	53648	53830	0.001	48.1
Adenomera_andreae_SWS2_SC6428	CAJOBX010034625.1	22.120	217	154	6	112	324	76849	76232	0.001	48.1
Adenomera_andreae_SWS2_SC6428	CAJOBX010034625.1	24.545	110	74	2	221	330	212966	212664	0.002	47.8
Adenomera_andreae_SWS2_SC6428	CAJOBX010034625.1	21.121	232	153	7	103	324	147905	147270	0.018	44.7
Adenomera_andreae_SWS2_SC6428	CAJOBX010034625.1	26.733	101	57	3	221	318	87274	87014	0.11	42.0
Adenomera_andreae_SWS2_SC6428	CAJOBX010034625.1	20.690	232	154	7	103	324	165626	164991	0.73	39.3
Adenomera_andreae_SWS2_SC6428	CAJOBX010005113.1	25.000	156	93	5	196	335	1633088	1633531	0.001	48.1
Adenomera_andreae_SWS2_SC6428	CAJOBX010021446.1	24.268	239	136	10	117	335	976080	976721	0.002	48.1
Adenomera_andreae_SWS2_SC6428	CAJOBX010021446.1	24.786	234	133	10	117	330	1013705	1014337	0.003	47.0
Adenomera_andreae_SWS2_SC6428	CAJOBX010021446.1	25.506	247	136	12	109	329	26451	25777	0.005	46.6
Adenomera_andreae_SWS2_SC6428	CAJOBX010021446.1	24.380	242	132	10	117	335	988627	989268	0.016	44.7
Adenomera_andreae_SWS2_SC6428	CAJOBX010021446.1	23.431	239	141	9	117	336	1027694	1028341	0.025	44.3
Adenomera_andreae_SWS2_SC6428	CAJOBX010021446.1	22.944	231	139	8	117	329	1019606	1020235	0.043	43.5
Adenomera_andreae_SWS2_SC6428	CAJOBX010021446.1	23.810	168	99	6	113	265	42561	42100	0.056	43.1
Adenomera_andreae_SWS2_SC6428	CAJOBX010021446.1	22.553	235	143	9	113	329	62374	61733	0.90	39.3
Adenomera_andreae_SWS2_SC6428	CAJOBX010021446.1	20.089	224	150	7	118	328	447397	446774	2.7	37.7
Adenomera_andreae_SWS2_SC6428	CAJOBX010021446.1	24.107	224	130	10	124	329	83465	82860	3.5	37.4
Adenomera_andreae_SWS2_SC6428	CAJOBX010021446.1	25.984	127	69	5	137	248	47680	47330	3.6	37.4
Adenomera_andreae_SWS2_SC6428	CAJOBX010021446.1	21.429	224	145	9	119	328	438320	437700	5.1	36.6
Adenomera_andreae_SWS2_SC6428	CAJOBX010007480.1	25.728	206	125	8	145	330	372268	371675	0.002	48.1
Adenomera_andreae_SWS2_SC6428	CAJOBX010024780.1	21.834	229	160	7	104	324	1414955	1414302	0.002	48.1
Adenomera_andreae_SWS2_SC6428	CAJOBX010024780.1	23.077	221	151	6	118	330	788238	788867	0.004	46.6
Adenomera_andreae_SWS2_SC6428	CAJOBX010024780.1	21.267	221	155	7	118	330	1395584	1394955	0.47	40.0
Adenomera_andreae_SWS2_SC6428	CAJOBX010024780.1	20.346	231	159	7	118	335	585689	585033	1.5	38.5
Adenomera_andreae_SWS2_SC6428	CAJOBX010024780.1	21.519	237	153	10	105	326	1346393	1345737	8.4	36.2
Adenomera_andreae_SWS2_SC6428	CAJOBX010070762.1	34.118	85	55	1	254	337	125255	125001	0.002	48.1
Adenomera_andreae_SWS2_SC6428	CAJOBX010068890.1	34.118	85	55	1	254	337	9361980	9361726	0.002	48.1
Adenomera_andreae_SWS2_SC6428	CAJOBX010015446.1	23.739	337	203	11	20	332	1414644	1413724	0.002	47.8
Adenomera_andreae_SWS2_SC6428	CAJOBX010005120.1	27.907	129	84	4	214	336	55730	55353	0.002	47.8
Adenomera_andreae_SWS2_SC6428	CAJOBX010008616.1	24.286	210	134	7	137	335	20177	19590	0.002	47.8
Adenomera_andreae_SWS2_SC6428	CAJOBX010065846.1	23.284	335	204	15	15	330	93121	94023	0.002	47.8
Adenomera_andreae_SWS2_SC6428	CAJOBX010001894.1	18.293	246	131	6	142	332	68828	68136	0.002	47.4
Adenomera_andreae_SWS2_SC6428	CAJOBX010071715.1	26.786	168	106	6	115	277	2626037	2626504	0.003	47.4
Adenomera_andreae_SWS2_SC6428	CAJOBX010071715.1	21.864	279	187	11	18	277	781091	781891	0.003	47.4
Adenomera_andreae_SWS2_SC6428	CAJOBX010005491.1	31.707	82	50	2	260	337	446600	446839	0.003	47.0
Adenomera_andreae_SWS2_SC6428	CAJOBX010005491.1	29.577	71	47	1	195	262	445394	445606	2.1	38.1
Adenomera_andreae_SWS2_SC6428	CAJOBX010019169.1	20.982	224	155	8	115	324	267331	267978	0.003	47.0
Adenomera_andreae_SWS2_SC6428	CAJOBX010072583.1	20.833	240	157	4	113	337	25236	25901	0.004	47.0
Adenomera_andreae_SWS2_SC6428	CAJOBX010055390.1	22.527	182	122	5	105	282	80602	81102	0.004	46.6
Adenomera_andreae_SWS2_SC6428	CAJOBX010055390.1	22.527	182	122	5	105	282	42496	42996	0.25	40.8
Adenomera_andreae_SWS2_SC6428	CAJOBX010005969.1	29.358	109	66	3	219	326	358815	359111	0.004	46.6
Adenomera_andreae_SWS2_SC6428	CAJOBX010009981.1	31.356	118	69	5	212	323	36407	36072	0.004	46.6
Adenomera_andreae_SWS2_SC6428	CAJOBX010025557.1	22.124	226	140	8	115	324	7331545	7332162	0.004	46.6
Adenomera_andreae_SWS2_SC6428	CAJOBX010011112.1	29.268	123	83	2	114	235	38471124	38470765	0.004	46.6
Adenomera_andreae_SWS2_SC6428	CAJOBX010027891.1	23.077	221	147	7	113	323	1068326	1067703	0.004	46.6
Adenomera_andreae_SWS2_SC6428	CAJOBX010027891.1	23.237	241	160	7	106	335	992140	992820	0.028	43.9
Adenomera_andreae_SWS2_SC6428	CAJOBX010027891.1	19.731	223	156	7	118	330	1099772	1100401	0.32	40.4
Adenomera_andreae_SWS2_SC6428	CAJOBX010027891.1	20.455	220	156	7	119	330	822658	823284	1.2	38.9
Adenomera_andreae_SWS2_SC6428	CAJOBX010027891.1	21.635	208	137	8	128	324	833361	833939	2.7	37.7
Adenomera_andreae_SWS2_SC6428	CAJOBX010027891.1	30.769	65	44	1	119	182	638880	638686	4.7	37.0
Adenomera_andreae_SWS2_SC6428	CAJOBX010001100.1	21.408	341	217	11	22	334	6421	7374	0.004	46.6
Adenomera_andreae_SWS2_SC6428	CAJOBX010001100.1	23.176	233	151	10	115	330	31272	31937	0.015	45.1
Adenomera_andreae_SWS2_SC6428	CAJOBX010000651.1	23.629	237	155	7	103	324	55997	56674	0.005	46.6
Adenomera_andreae_SWS2_SC6428	CAJOBX010020446.1	19.737	228	150	5	117	329	1694177	1694806	0.005	46.6
Adenomera_andreae_SWS2_SC6428	CAJOBX010020446.1	22.791	215	146	5	118	324	1342753	1342145	0.006	46.2
Adenomera_andreae_SWS2_SC6428	CAJOBX010020446.1	20.465	215	146	6	118	321	1244290	1243688	0.040	43.5
Adenomera_andreae_SWS2_SC6428	CAJOBX010020446.1	22.120	217	146	7	118	324	1420979	1420368	0.040	43.5
Adenomera_andreae_SWS2_SC6428	CAJOBX010020446.1	22.120	217	144	6	119	324	1457153	1456545	1.4	38.5
Adenomera_andreae_SWS2_SC6428	CAJOBX010020446.1	19.481	231	143	7	113	323	1167790	1167167	2.9	37.4
Adenomera_andreae_SWS2_SC6428	CAJOBX010004411.1	22.967	209	112	6	109	277	47574	48173	0.005	46.6
Adenomera_andreae_SWS2_SC6428	CAJOBX010001558.1	19.101	356	239	11	14	330	1193079	1192042	0.005	46.2
Adenomera_andreae_SWS2_SC6428	CAJOBX010003558.1	27.679	112	78	2	226	336	3234046	3234375	0.006	46.2
Adenomera_andreae_SWS2_SC6428	CAJOBX010016668.1	26.154	130	87	1	108	237	8189218	8189580	0.006	46.2
Adenomera_andreae_SWS2_SC6428	CAJOBX010070555.1	20.961	229	155	7	117	329	78879	78223	0.007	45.8
Adenomera_andreae_SWS2_SC6428	CAJOBX010015825.1	24.752	101	71	2	237	334	155842	155546	0.007	45.8
Adenomera_andreae_SWS2_SC6428	CAJOBX010005335.1	21.270	315	198	10	48	334	2563033	2563911	0.008	45.8
Adenomera_andreae_SWS2_SC6428	CAJOBX010005335.1	24.066	241	135	11	115	330	2611034	2611687	0.043	43.5
Adenomera_andreae_SWS2_SC6428	CAJOBX010005335.1	23.596	178	113	6	115	276	2589407	2589919	0.73	39.3
Adenomera_andreae_SWS2_SC6428	CAJOBX010005335.1	22.892	166	99	8	133	278	2622820	2622350	2.8	37.7
Adenomera_andreae_SWS2_SC6428	CAJOBX010005335.1	21.107	289	194	11	10	277	2599580	2600407	4.4	37.0
Adenomera_andreae_SWS2_SC6428	CAJOBX010024958.1	23.669	169	120	6	113	277	237736	238227	0.008	45.8
Adenomera_andreae_SWS2_SC6428	CAJOBX010066667.1	23.478	230	158	9	103	324	26555661	26556320	0.008	45.8
Adenomera_andreae_SWS2_SC6428	CAJOBX010004558.1	25.000	216	123	10	129	329	658526	659101	0.009	45.4
Adenomera_andreae_SWS2_SC6428	CAJOBX010004558.1	25.103	243	128	10	107	330	9619	10242	0.48	40.0
Adenomera_andreae_SWS2_SC6428	CAJOBX010004558.1	27.053	207	119	9	137	330	463637	464200	0.87	39.3
Adenomera_andreae_SWS2_SC6428	CAJOBX010004558.1	23.223	211	133	8	129	329	624768	624193	1.2	38.9
Adenomera_andreae_SWS2_SC6428	CAJOBX010004558.1	25.359	209	118	9	137	329	493991	494551	2.6	37.7
Adenomera_andreae_SWS2_SC6428	CAJOBX010018592.1	22.768	224	164	6	105	323	4831	5490	0.010	45.4
Adenomera_andreae_SWS2_SC6428	CAJOBX010000447.1	27.660	235	145	11	104	324	3841176	3841847	0.010	45.4
Adenomera_andreae_SWS2_SC6428	CAJOBX010000447.1	24.434	221	146	9	115	323	3475017	3474382	0.016	44.7
Adenomera_andreae_SWS2_SC6428	CAJOBX010001780.1	21.030	233	164	8	105	329	3578037	3577375	0.011	45.4
Adenomera_andreae_SWS2_SC6428	CAJOBX010011336.1	22.801	307	198	8	38	328	878244	879095	0.012	45.1
Adenomera_andreae_SWS2_SC6428	CAJOBX010070948.1	20.747	241	170	8	102	336	32709	33386	0.012	45.1
Adenomera_andreae_SWS2_SC6428	CAJOBX010012703.1	30.882	68	47	0	261	328	172510	172713	0.012	45.1
Adenomera_andreae_SWS2_SC6428	CAJOBX010036668.1	19.524	210	120	5	160	331	10155374	10155970	0.018	44.7
Adenomera_andreae_SWS2_SC6428	CAJOBX010036668.1	19.476	267	172	9	99	335	5362591	5361830	0.15	41.6
Adenomera_andreae_SWS2_SC6428	CAJOBX010072715.1	24.870	193	131	6	145	332	4545023	4544472	0.020	44.3
Adenomera_andreae_SWS2_SC6428	CAJOBX010004828.1	19.149	235	173	6	113	336	71928	72614	0.020	44.3
Adenomera_andreae_SWS2_SC6428	CAJOBX010060001.1	23.429	175	96	4	181	336	4042020	4042487	0.022	44.3
Adenomera_andreae_SWS2_SC6428	CAJOBX010003335.1	33.735	83	50	2	245	323	22476072	22475827	0.022	44.3
Adenomera_andreae_SWS2_SC6428	CAJOBX010072679.1	17.619	210	148	4	119	307	80355	79738	0.025	44.3
Adenomera_andreae_SWS2_SC6428	CAJOBX010061113.1	20.614	228	148	7	118	330	57822	58451	0.029	43.9
Adenomera_andreae_SWS2_SC6428	CAJOBX010024113.1	30.000	70	48	1	118	186	311464	311255	0.030	43.9
Adenomera_andreae_SWS2_SC6428	CAJOBX010023439.1	23.744	219	142	9	121	330	19236	18628	0.031	43.9
Adenomera_andreae_SWS2_SC6428	CAJOBX010014446.1	24.828	145	95	4	193	330	1337124	1336711	0.032	43.9
Adenomera_andreae_SWS2_SC6428	CAJOBX010010465.1	21.226	212	128	10	137	330	22432	23004	0.033	43.9
Adenomera_andreae_SWS2_SC6428	CAJOBX010053024.1	23.629	237	158	10	104	336	79772	80425	0.034	43.9
Adenomera_andreae_SWS2_SC6428	CAJOBX010011714.1	21.649	194	137	6	140	328	90999	91550	0.043	43.5
Adenomera_andreae_SWS2_SC6428	CAJOBX010070937.1	24.242	231	151	7	114	330	6623318	6622656	0.049	43.1
Adenomera_andreae_SWS2_SC6428	CAJOBX010070937.1	23.377	231	137	10	124	337	2100161	2099538	0.83	39.3
Adenomera_andreae_SWS2_SC6428	CAJOBX010000001.1	22.105	190	123	7	106	277	48693927	48693379	0.056	43.1
Adenomera_andreae_SWS2_SC6428	CAJOBX010002781.1	21.888	233	148	8	115	329	118281	117631	0.064	42.7
Adenomera_andreae_SWS2_SC6428	CAJOBX010034446.1	23.411	299	184	12	45	324	10855218	10854400	0.072	42.7
Adenomera_andreae_SWS2_SC6428	CAJOBX010034446.1	19.524	210	130	5	112	285	13826804	13827424	0.51	40.0
Adenomera_andreae_SWS2_SC6428	CAJOBX010002413.1	26.154	130	76	5	214	332	22010	21648	0.076	42.7
Adenomera_andreae_SWS2_SC6428	CAJOBX010002714.1	25.287	87	62	1	246	329	492664	492924	0.077	42.7
Adenomera_andreae_SWS2_SC6428	CAJOBX010071867.1	24.859	177	123	5	108	277	13234	12713	0.089	42.4
Adenomera_andreae_SWS2_SC6428	CAJOBX010000836.1	22.535	213	137	7	119	323	432720	432142	0.090	42.4
Adenomera_andreae_SWS2_SC6428	CAJOBX010073049.1	23.043	230	135	9	118	329	269836	269219	0.093	42.4
Adenomera_andreae_SWS2_SC6428	CAJOBX010073049.1	24.229	227	136	9	118	329	159026	158409	0.15	41.6
Adenomera_andreae_SWS2_SC6428	CAJOBX010073049.1	21.397	229	142	7	118	330	187199	186579	0.27	40.8
Adenomera_andreae_SWS2_SC6428	CAJOBX010073049.1	23.757	181	109	8	118	282	108201	107698	0.31	32.3
Adenomera_andreae_SWS2_SC6428	CAJOBX010073049.1	52.632	19	9	0	311	329	107639	107583	0.31	26.9
Adenomera_andreae_SWS2_SC6428	CAJOBX010073049.1	23.504	234	139	9	113	329	139759	139127	0.47	40.0
Adenomera_andreae_SWS2_SC6428	CAJOBX010073049.1	24.583	240	142	10	108	329	330373	329717	0.52	40.0
Adenomera_andreae_SWS2_SC6428	CAJOBX010073049.1	24.017	229	134	10	118	329	248428	247811	1.1	38.9
Adenomera_andreae_SWS2_SC6428	CAJOBX010073049.1	20.628	223	153	6	118	331	23236	22613	3.3	37.4
Adenomera_andreae_SWS2_SC6428	CAJOBX010017779.1	28.676	136	87	5	197	329	15204355	15203969	0.094	42.4
Adenomera_andreae_SWS2_SC6428	CAJOBX010017779.1	22.477	218	139	12	123	332	16309907	16309320	4.0	37.0
Adenomera_andreae_SWS2_SC6428	CAJOBX010004446.1	23.556	225	140	8	120	323	23698629	23699270	0.095	42.4
Adenomera_andreae_SWS2_SC6428	CAJOBX010060458.1	21.111	270	147	8	113	332	70688	69927	0.097	42.4
Adenomera_andreae_SWS2_SC6428	CAJOBX010016994.1	25.352	213	118	12	137	330	2709	3281	0.11	42.0
Adenomera_andreae_SWS2_SC6428	CAJOBX010022447.1	22.000	250	163	12	97	324	858501	859220	0.13	42.0
Adenomera_andreae_SWS2_SC6428	CAJOBX010022447.1	19.915	236	153	7	115	328	823616	822951	0.25	40.8
Adenomera_andreae_SWS2_SC6428	CAJOBX010022447.1	20.354	226	159	8	115	328	437467	438117	4.8	37.0
Adenomera_andreae_SWS2_SC6428	CAJOBX010041112.1	24.096	166	117	5	115	277	4433590	4433111	0.13	42.0
Adenomera_andreae_SWS2_SC6428	CAJOBX010043334.1	20.085	234	164	7	114	333	2376413	2377087	0.16	41.6
Adenomera_andreae_SWS2_SC6428	CAJOBX010043334.1	19.027	226	168	4	113	328	2486759	2487421	3.4	37.4
Adenomera_andreae_SWS2_SC6428	CAJOBX010068247.1	21.277	235	138	7	118	330	64315	63686	0.17	41.6
Adenomera_andreae_SWS2_SC6428	CAJOBX010017140.1	20.625	160	121	2	119	277	29142	28678	0.17	41.6
Adenomera_andreae_SWS2_SC6428	CAJOBX010058446.1	24.017	229	136	8	118	330	299567	300187	0.18	41.6
Adenomera_andreae_SWS2_SC6428	CAJOBX010018891.1	22.314	242	151	7	105	330	253277	253939	0.18	41.6
Adenomera_andreae_SWS2_SC6428	CAJOBX010018891.1	21.905	210	142	5	137	335	456198	456794	4.0	37.0
Adenomera_andreae_SWS2_SC6428	CAJOBX010071695.1	20.354	226	146	7	136	334	131082	130426	0.19	41.2
Adenomera_andreae_SWS2_SC6428	CAJOBX010026224.1	23.735	257	154	10	97	334	1181555	1180854	0.20	41.2
Adenomera_andreae_SWS2_SC6428	CAJOBX010026224.1	24.419	258	151	12	97	334	1218430	1217729	0.50	40.0
Adenomera_andreae_SWS2_SC6428	CAJOBX010026224.1	23.413	252	152	10	97	329	1001608	1002297	1.8	38.1
Adenomera_andreae_SWS2_SC6428	CAJOBX010026224.1	22.467	227	138	10	119	329	535640	536254	2.4	37.7
Adenomera_andreae_SWS2_SC6428	CAJOBX010026224.1	23.228	254	150	11	97	329	860723	861412	2.5	37.7
Adenomera_andreae_SWS2_SC6428	CAJOBX010026224.1	22.807	228	138	10	118	329	98781	99398	2.7	37.7
Adenomera_andreae_SWS2_SC6428	CAJOBX010026224.1	23.348	227	138	9	118	329	582380	582997	3.2	37.4
Adenomera_andreae_SWS2_SC6428	CAJOBX010026224.1	21.901	242	147	11	104	329	350824	351471	6.0	36.6
Adenomera_andreae_SWS2_SC6428	CAJOBX010026224.1	22.422	223	143	8	119	329	288241	288855	9.5	35.8
Adenomera_andreae_SWS2_SC6428	CAJOBX010058391.1	24.806	129	80	3	112	235	46726	47076	0.21	41.2
Adenomera_andreae_SWS2_SC6428	CAJOBX010058391.1	25.510	98	60	3	244	332	47371	47652	0.48	40.0
Adenomera_andreae_SWS2_SC6428	CAJOBX010044334.1	21.545	246	149	8	133	336	750891	751622	0.21	41.2
Adenomera_andreae_SWS2_SC6428	CAJOBX010062223.1	25.197	127	90	2	214	336	3934981	3934604	0.22	41.2
Adenomera_andreae_SWS2_SC6428	CAJOBX010022224.1	17.172	198	133	3	119	285	6231899	6231306	0.22	41.2
Adenomera_andreae_SWS2_SC6428	CAJOBX010054042.1	21.429	168	111	4	117	277	2553	2092	0.23	40.8
Adenomera_andreae_SWS2_SC6428	CAJOBX010056740.1	22.712	295	204	10	54	335	5804	4953	0.27	40.8
Adenomera_andreae_SWS2_SC6428	CAJOBX010004300.1	21.086	313	209	9	51	334	42178	43089	0.32	40.4
Adenomera_andreae_SWS2_SC6428	CAJOBX010002599.1	26.437	87	57	2	254	334	52119	52376	0.33	40.4
Adenomera_andreae_SWS2_SC6428	CAJOBX010038813.1	22.535	213	124	9	137	330	58039	58611	0.33	40.4
Adenomera_andreae_SWS2_SC6428	CAJOBX010039979.1	21.875	320	202	13	44	334	18628	19530	0.35	40.4
Adenomera_andreae_SWS2_SC6428	CAJOBX010054086.1	22.222	180	118	6	105	277	2842	2348	0.38	40.4
Adenomera_andreae_SWS2_SC6428	CAJOBX010019335.1	19.277	249	163	8	106	329	983313	982606	0.48	40.0
Adenomera_andreae_SWS2_SC6428	CAJOBX010027335.1	20.913	263	150	11	97	330	247800	248501	0.55	39.7
Adenomera_andreae_SWS2_SC6428	CAJOBX010027335.1	23.830	235	142	10	113	330	220289	220933	6.1	36.6
Adenomera_andreae_SWS2_SC6428	CAJOBX010003025.1	33.333	57	34	2	221	277	237401	237559	0.57	37.0
Adenomera_andreae_SWS2_SC6428	CAJOBX010003025.1	36.842	19	12	0	306	324	237669	237725	0.57	21.6
Adenomera_andreae_SWS2_SC6428	CAJOBX010072638.1	31.746	63	41	1	168	230	582398	582216	0.59	39.7
Adenomera_andreae_SWS2_SC6428	CAJOBX010066124.1	22.458	236	131	9	120	324	107911	108555	0.63	39.7
Adenomera_andreae_SWS2_SC6428	CAJOBX010072084.1	21.053	133	93	3	105	235	61897	61529	0.66	39.7
Adenomera_andreae_SWS2_SC6428	CAJOBX010070826.1	18.834	223	160	5	117	330	91306	90674	0.69	39.7
Adenomera_andreae_SWS2_SC6428	CAJOBX010045903.1	22.072	222	152	7	49	267	186797	186186	0.75	39.3
Adenomera_andreae_SWS2_SC6428	CAJOBX010006311.1	21.333	150	97	5	185	324	9830	10246	0.80	39.3
Adenomera_andreae_SWS2_SC6428	CAJOBX010034746.1	22.727	88	64	2	241	326	8087	7830	0.87	39.3
Adenomera_andreae_SWS2_SC6428	CAJOBX010008890.1	25.000	84	62	1	248	330	6966688	6966939	0.96	38.9
Adenomera_andreae_SWS2_SC6428	CAJOBX010039003.1	27.907	86	56	3	243	323	177271	177525	1.0	38.9
Adenomera_andreae_SWS2_SC6428	CAJOBX010012224.1	27.358	106	72	2	228	330	20351162	20351473	1.0	38.9
Adenomera_andreae_SWS2_SC6428	CAJOBX010042223.1	22.689	238	146	7	107	332	525853	525218	1.0	38.9
Adenomera_andreae_SWS2_SC6428	CAJOBX010043373.1	30.233	86	55	2	253	334	1604	1858	1.1	38.9
Adenomera_andreae_SWS2_SC6428	CAJOBX010001093.1	23.950	238	136	13	117	332	66945	67589	1.1	38.9
Adenomera_andreae_SWS2_SC6428	CAJOBX010015994.1	19.774	177	121	4	115	276	8293	8805	1.2	38.9
Adenomera_andreae_SWS2_SC6428	CAJOBX010064223.1	24.231	260	145	12	97	330	70583	71284	1.2	38.9
Adenomera_andreae_SWS2_SC6428	CAJOBX010031112.1	20.346	231	145	7	118	330	14675203	14675832	1.2	38.9
Adenomera_andreae_SWS2_SC6428	CAJOBX010031112.1	23.963	217	138	10	117	321	26858	27463	2.2	38.1
Adenomera_andreae_SWS2_SC6428	CAJOBX010072033.1	21.256	207	130	6	137	328	111184	110618	1.4	38.5
Adenomera_andreae_SWS2_SC6428	CAJOBX010005669.1	21.429	224	145	7	117	326	5199706	5199086	1.5	38.5
Adenomera_andreae_SWS2_SC6428	CAJOBX010047335.1	24.561	114	69	3	224	329	582749	582435	2.2	37.7
Adenomera_andreae_SWS2_SC6428	CAJOBX010006002.1	22.059	204	144	5	133	335	1498922	1498353	2.8	37.7
Adenomera_andreae_SWS2_SC6428	CAJOBX010018415.1	20.747	241	151	7	113	336	15429	14776	2.9	37.4
Adenomera_andreae_SWS2_SC6428	CAJOBX010022157.1	20.080	249	178	7	97	335	172956	172243	2.9	37.4
Adenomera_andreae_SWS2_SC6428	CAJOBX010070382.1	22.685	216	128	9	124	324	103451	104026	2.9	37.4
Adenomera_andreae_SWS2_SC6428	CAJOBX010049114.1	25.862	116	69	5	222	330	161365	161682	3.0	37.4
Adenomera_andreae_SWS2_SC6428	CAJOBX010063809.1	28.571	77	47	2	256	324	120	350	3.1	37.4
Adenomera_andreae_SWS2_SC6428	CAJOBX010010668.1	21.429	238	164	8	108	336	2259136	2258465	3.1	37.4
Adenomera_andreae_SWS2_SC6428	CAJOBX010011225.1	26.923	104	73	2	116	217	559932	559624	3.7	37.4
Adenomera_andreae_SWS2_SC6428	CAJOBX010037779.1	25.561	223	158	7	111	330	9303464	9304117	3.7	37.4
Adenomera_andreae_SWS2_SC6428	CAJOBX010072522.1	20.417	240	141	10	109	331	100903	101523	4.0	37.0
Adenomera_andreae_SWS2_SC6428	CAJOBX010033799.1	23.952	167	124	2	20	183	3372	3872	4.3	37.0
Adenomera_andreae_SWS2_SC6428	CAJOBX010068335.1	26.923	78	49	2	254	327	585054	584833	4.3	37.0
Adenomera_andreae_SWS2_SC6428	CAJOBX010071349.1	22.297	148	104	4	115	260	106940	107356	4.4	37.0
Adenomera_andreae_SWS2_SC6428	CAJOBX010072142.1	25.882	85	58	2	254	335	5684	5436	4.4	37.0
Adenomera_andreae_SWS2_SC6428	CAJOBX010000375.1	20.264	227	148	6	117	330	88590	87970	4.7	37.0
Adenomera_andreae_SWS2_SC6428	CAJOBX010050300.1	19.737	228	151	6	118	330	1694	1062	4.7	37.0
Adenomera_andreae_SWS2_SC6428	CAJOBX010002437.1	24.091	220	143	9	118	327	8743	9360	4.9	37.0
Adenomera_andreae_SWS2_SC6428	CAJOBX010002437.1	22.172	221	150	8	118	329	75564	76187	8.9	35.8
Adenomera_andreae_SWS2_SC6428	CAJOBX010022223.1	23.913	92	66	1	245	332	34533685	34533960	5.0	36.6
Adenomera_andreae_SWS2_SC6428	CAJOBX010054445.1	22.881	118	79	4	222	330	4098081	4098425	5.3	36.6
Adenomera_andreae_SWS2_SC6428	CAJOBX010052223.1	31.343	67	43	2	258	321	12022691	12022891	5.9	36.6
Adenomera_andreae_SWS2_SC6428	CAJOBX010006402.1	28.000	75	51	1	258	329	366352	366576	6.0	36.6
Adenomera_andreae_SWS2_SC6428	CAJOBX010002168.1	25.424	177	120	7	103	277	60166	59666	6.0	36.6
Adenomera_andreae_SWS2_SC6428	CAJOBX010014749.1	21.754	285	202	6	55	330	9335	8517	6.1	36.6
Adenomera_andreae_SWS2_SC6428	CAJOBX010019252.1	27.500	120	81	2	57	175	15824	15480	6.1	36.6
Adenomera_andreae_SWS2_SC6428	CAJOBX010009711.1	19.028	247	159	9	115	330	15119	15829	6.6	36.2
Adenomera_andreae_SWS2_SC6428	CAJOBX010007993.1	20.779	231	160	11	113	329	40230	40895	6.7	36.2
Adenomera_andreae_SWS2_SC6428	CAJOBX010011447.1	23.529	357	218	15	13	331	3030483	3029464	6.7	36.2
Adenomera_andreae_SWS2_SC6428	CAJOBX010023558.1	22.523	222	150	7	111	323	452246	451620	6.8	36.2
Adenomera_andreae_SWS2_SC6428	CAJOBX010001318.1	22.800	250	137	12	99	328	93404	92763	7.4	36.2
Adenomera_andreae_SWS2_SC6428	CAJOBX010059924.1	21.364	220	148	10	126	334	80683	81300	7.4	36.2
Adenomera_andreae_SWS2_SC6428	CAJOBX010001369.1	22.154	325	220	13	21	330	9409	10329	7.7	36.2
Adenomera_andreae_SWS2_SC6428	CAJOBX010037091.1	22.553	235	154	10	105	324	17661	18326	8.2	36.2
Adenomera_andreae_SWS2_SC6428	CAJOBX010047757.1	23.500	200	140	7	133	330	172693	172127	8.2	36.2
Adenomera_andreae_SWS2_SC6428	CAJOBX010056002.1	20.264	227	157	6	115	330	561199	561840	8.4	36.2
Adenomera_andreae_SWS2_SC6428	CAJOBX010002225.1	23.176	233	148	12	105	324	797262	797906	8.5	36.2
Adenomera_andreae_SWS2_SC6428	CAJOBX010071055.1	22.927	205	119	10	137	323	22304	21753	8.8	35.8
Adenomera_andreae_SWS2_SC6428	CAJOBX010071736.1	21.030	233	150	9	113	330	114203	114844	9.4	35.8
# BLAST processed 1 queries
