# TBLASTN 2.12.0+
# Query: Adenomera_andreae_SWS2_SC6428
# Database: RhinellaDB/rhinella.0
# Fields: query acc.ver, subject acc.ver, % identity, alignment length, mismatches, gap opens, q. start, q. end, s. start, s. end, evalue, bit score
# 275 hits found
Adenomera_andreae_SWS2_SC6428	ONZH01019223.1	95.385	130	6	0	1	130	34659	35048	1.13e-63	225
Adenomera_andreae_SWS2_SC6428	ONZH01019223.1	91.954	87	5	1	237	321	40206	40466	1.81e-41	160
Adenomera_andreae_SWS2_SC6428	ONZH01019223.1	93.443	61	4	0	185	245	38718	38900	1.49e-30	129
Adenomera_andreae_SWS2_SC6428	ONZH01019223.1	91.379	58	5	0	130	187	37623	37796	1.52e-25	114
Adenomera_andreae_SWS2_SC6428	ONZH01019223.1	53.750	80	37	0	242	321	64825	65064	2.67e-19	95.5
Adenomera_andreae_SWS2_SC6428	ONZH01019223.1	42.857	63	36	0	130	192	63357	63545	2.32e-08	62.0
Adenomera_andreae_SWS2_SC6428	ONZH01019223.1	35.000	60	39	0	186	245	64070	64249	0.012	43.9
Adenomera_andreae_SWS2_SC6428	ONZH01019223.1	100.000	17	0	0	321	337	41636	41686	0.13	40.4
Adenomera_andreae_SWS2_SC6428	ONZH01019223.1	36.634	101	64	0	30	130	62123	62425	0.27	39.7
Adenomera_andreae_SWS2_SC6428	ONZH01022093.1	60.759	79	31	0	243	321	58009	58245	8.68e-24	108
Adenomera_andreae_SWS2_SC6428	ONZH01022093.1	60.274	73	27	2	124	196	56230	56442	5.23e-19	94.7
Adenomera_andreae_SWS2_SC6428	ONZH01022093.1	44.595	74	39	1	191	264	56727	56942	2.18e-07	58.9
Adenomera_andreae_SWS2_SC6428	ONZH01022093.1	42.478	113	61	2	22	130	53307	53645	9.79e-07	57.0
Adenomera_andreae_SWS2_SC6428	ONZH01020826.1	45.217	115	61	1	128	242	21322	21660	9.84e-24	108
Adenomera_andreae_SWS2_SC6428	ONZH01020826.1	53.947	76	35	0	248	323	32577	32804	1.54e-18	93.2
Adenomera_andreae_SWS2_SC6428	ONZH01020826.1	50.000	62	31	0	63	124	16605	16790	2.1	36.6
Adenomera_andreae_SWS2_SC6428	ONZH01009304.1	47.788	113	57	1	130	242	26010	26342	1.22e-23	108
Adenomera_andreae_SWS2_SC6428	ONZH01009304.1	44.156	77	43	0	245	321	33258	33488	1.71e-10	68.6
Adenomera_andreae_SWS2_SC6428	ONZH01011499.1	57.500	80	34	0	242	321	164331	164570	3.59e-23	107
Adenomera_andreae_SWS2_SC6428	ONZH01011499.1	55.844	77	33	1	168	243	159527	159757	5.67e-16	85.5
Adenomera_andreae_SWS2_SC6428	ONZH01011499.1	57.895	57	24	0	130	186	154992	155162	9.18e-12	72.4
Adenomera_andreae_SWS2_SC6428	ONZH01011499.1	44.094	127	66	1	10	136	153831	154196	4.33e-10	67.4
Adenomera_andreae_SWS2_SC6428	ONZH01010496.1	56.757	74	32	0	251	324	41778	41557	6.19e-19	94.4
Adenomera_andreae_SWS2_SC6428	ONZH01010496.1	56.140	57	25	0	130	186	43398	43228	5.24e-14	79.3
Adenomera_andreae_SWS2_SC6428	ONZH01010496.1	46.250	80	40	1	181	260	42079	41849	5.91e-13	76.3
Adenomera_andreae_SWS2_SC6428	ONZH01010496.1	43.200	125	68	2	11	135	43999	43634	3.96e-11	70.5
Adenomera_andreae_SWS2_SC6428	ONZH01004127.1	42.683	82	47	0	242	323	263021	263266	3.27e-17	89.4
Adenomera_andreae_SWS2_SC6428	ONZH01004127.1	37.037	81	51	0	120	200	224226	224468	4.14e-14	79.7
Adenomera_andreae_SWS2_SC6428	ONZH01028680.1	35.652	115	72	1	130	244	44969	44631	1.86e-13	77.8
Adenomera_andreae_SWS2_SC6428	ONZH01012588.1	28.049	246	141	7	101	329	1262368	1263048	2.48e-13	77.4
Adenomera_andreae_SWS2_SC6428	ONZH01014703.1	25.312	320	214	12	31	337	46340	45417	6.07e-13	76.3
Adenomera_andreae_SWS2_SC6428	ONZH01017466.1	34.711	121	74	3	128	247	28316	28666	3.98e-12	73.6
Adenomera_andreae_SWS2_SC6428	ONZH01017466.1	45.238	84	44	1	240	323	39650	39895	2.06e-10	68.2
Adenomera_andreae_SWS2_SC6428	ONZH01022447.1	33.036	112	73	1	153	264	195217	194888	1.95e-10	68.6
Adenomera_andreae_SWS2_SC6428	ONZH01022447.1	27.941	68	49	0	261	328	186220	186017	0.12	40.4
Adenomera_andreae_SWS2_SC6428	ONZH01018419.1	32.456	114	75	1	130	243	102895	103230	2.35e-10	68.2
Adenomera_andreae_SWS2_SC6428	ONZH01018419.1	41.333	75	44	0	250	324	116211	116435	5.24e-09	63.9
Adenomera_andreae_SWS2_SC6428	ONZH01003743.1	23.629	237	157	7	110	334	108876	109550	4.98e-10	67.0
Adenomera_andreae_SWS2_SC6428	ONZH01017206.1	22.269	238	154	7	106	330	121535	120876	6.06e-10	67.0
Adenomera_andreae_SWS2_SC6428	ONZH01010115.1	23.958	192	138	4	144	332	39438	38878	1.58e-09	65.5
Adenomera_andreae_SWS2_SC6428	ONZH01030582.1	23.894	226	160	6	111	330	36439	35780	3.74e-09	64.3
Adenomera_andreae_SWS2_SC6428	ONZH01008115.1	24.658	292	189	9	51	324	209837	209001	7.69e-09	63.5
Adenomera_andreae_SWS2_SC6428	ONZH01005081.1	21.866	343	241	10	7	334	81308	82300	9.92e-09	63.2
Adenomera_andreae_SWS2_SC6428	ONZH01030259.1	26.601	203	123	6	142	332	282821	282255	3.85e-08	61.2
Adenomera_andreae_SWS2_SC6428	ONZH01010371.1	28.125	224	127	10	113	322	14053	13442	4.22e-08	61.2
Adenomera_andreae_SWS2_SC6428	ONZH01010371.1	23.744	219	143	8	115	322	835	218	0.001	47.0
Adenomera_andreae_SWS2_SC6428	ONZH01026239.1	23.973	292	186	11	58	330	536142	535318	4.36e-08	61.2
Adenomera_andreae_SWS2_SC6428	ONZH01021151.1	45.556	90	46	1	232	321	16413	16153	5.34e-08	60.8
Adenomera_andreae_SWS2_SC6428	ONZH01001291.1	30.000	140	82	7	198	332	38880	38494	1.05e-07	59.7
Adenomera_andreae_SWS2_SC6428	ONZH01005139.1	23.875	289	206	7	54	333	19057	19908	1.34e-07	59.7
Adenomera_andreae_SWS2_SC6428	ONZH01005139.1	22.569	288	209	7	54	332	72059	72907	5.75e-05	51.2
Adenomera_andreae_SWS2_SC6428	ONZH01001400.1	24.312	218	146	9	115	323	1597023	1596400	3.74e-07	58.2
Adenomera_andreae_SWS2_SC6428	ONZH01003281.1	27.778	144	81	6	199	330	15909	16307	5.00e-07	57.8
Adenomera_andreae_SWS2_SC6428	ONZH01005365.1	23.171	246	162	8	103	333	57149	56448	5.13e-07	57.8
Adenomera_andreae_SWS2_SC6428	ONZH01005365.1	21.941	237	159	5	103	324	27467	26790	9.40e-06	53.5
Adenomera_andreae_SWS2_SC6428	ONZH01007199.1	24.490	196	132	7	144	332	40752	41312	6.22e-07	57.4
Adenomera_andreae_SWS2_SC6428	ONZH01029271.1	23.232	297	218	6	37	330	328060	328929	8.24e-07	57.0
Adenomera_andreae_SWS2_SC6428	ONZH01000082.1	23.767	223	150	7	115	327	956028	956666	9.33e-07	57.0
Adenomera_andreae_SWS2_SC6428	ONZH01000082.1	22.566	226	151	8	115	328	969872	970513	8.72e-04	47.4
Adenomera_andreae_SWS2_SC6428	ONZH01012911.1	23.176	233	161	5	111	335	512302	512970	9.49e-07	57.0
Adenomera_andreae_SWS2_SC6428	ONZH01009717.1	24.771	218	136	7	133	337	52846	52238	1.48e-06	56.2
Adenomera_andreae_SWS2_SC6428	ONZH01017199.1	20.635	189	125	4	119	285	190295	189738	1.54e-06	56.2
Adenomera_andreae_SWS2_SC6428	ONZH01011581.1	21.097	237	167	6	103	324	38820	39515	3.50e-06	55.1
Adenomera_andreae_SWS2_SC6428	ONZH01027916.1	20.524	229	168	4	107	330	307163	306504	3.69e-06	55.1
Adenomera_andreae_SWS2_SC6428	ONZH01027916.1	23.392	171	119	6	113	277	340113	339619	0.007	44.7
Adenomera_andreae_SWS2_SC6428	ONZH01016693.1	24.047	341	211	14	25	332	83234	82257	7.81e-06	53.9
Adenomera_andreae_SWS2_SC6428	ONZH01029107.1	30.769	65	45	0	261	325	6688	6882	1.11e-05	53.5
Adenomera_andreae_SWS2_SC6428	ONZH01017687.1	25.225	222	136	7	113	322	16978	16367	1.30e-05	53.1
Adenomera_andreae_SWS2_SC6428	ONZH01017687.1	24.201	219	142	7	115	322	49119	48502	1.46e-04	50.1
Adenomera_andreae_SWS2_SC6428	ONZH01003905.1	24.255	235	153	9	114	337	145754	146416	1.31e-05	53.1
Adenomera_andreae_SWS2_SC6428	ONZH01026846.1	35.052	97	56	2	234	323	460559	460269	1.65e-05	52.8
Adenomera_andreae_SWS2_SC6428	ONZH01006341.1	21.693	189	123	4	117	285	111476	110925	1.66e-05	52.8
Adenomera_andreae_SWS2_SC6428	ONZH01023689.1	21.862	247	164	8	98	334	40333	41016	1.83e-05	52.8
Adenomera_andreae_SWS2_SC6428	ONZH01016003.1	22.768	224	155	7	111	328	90907	91542	1.87e-05	52.8
Adenomera_andreae_SWS2_SC6428	ONZH01016003.1	20.524	229	164	9	103	324	100200	99547	1.39e-04	50.1
Adenomera_andreae_SWS2_SC6428	ONZH01016003.1	20.656	305	217	9	38	330	107308	106433	2.45e-04	49.3
Adenomera_andreae_SWS2_SC6428	ONZH01028447.1	26.437	174	113	5	170	330	120853	120338	2.31e-05	52.4
Adenomera_andreae_SWS2_SC6428	ONZH01008733.1	27.119	118	83	2	216	331	77995	77645	2.64e-05	52.4
Adenomera_andreae_SWS2_SC6428	ONZH01014481.1	22.083	240	159	9	102	323	100444	101133	4.07e-05	51.6
Adenomera_andreae_SWS2_SC6428	ONZH01030419.1	26.174	149	81	5	198	334	102610	103005	4.32e-05	51.6
Adenomera_andreae_SWS2_SC6428	ONZH01025776.1	27.542	236	142	10	104	323	59138	59806	4.36e-05	51.6
Adenomera_andreae_SWS2_SC6428	ONZH01026281.1	22.026	227	150	6	115	324	11705	12355	6.48e-05	51.2
Adenomera_andreae_SWS2_SC6428	ONZH01026281.1	24.473	237	148	10	100	324	47961	48614	2.9	36.2
Adenomera_andreae_SWS2_SC6428	ONZH01016151.1	22.519	262	149	9	109	326	46568	45813	8.50e-05	50.8
Adenomera_andreae_SWS2_SC6428	ONZH01016373.1	24.242	231	154	10	105	326	87908	88564	9.65e-05	50.4
Adenomera_andreae_SWS2_SC6428	ONZH01006814.1	23.629	237	154	9	99	324	175913	176575	1.28e-04	50.1
Adenomera_andreae_SWS2_SC6428	ONZH01028610.1	23.431	239	152	9	115	333	17248	17931	1.29e-04	50.1
Adenomera_andreae_SWS2_SC6428	ONZH01020971.1	22.491	289	210	7	54	333	68195	67344	1.34e-04	50.1
Adenomera_andreae_SWS2_SC6428	ONZH01020971.1	26.241	141	103	1	60	199	10254	9832	0.22	39.7
Adenomera_andreae_SWS2_SC6428	ONZH01019264.1	23.556	225	160	5	115	332	22802	23461	1.95e-04	49.7
Adenomera_andreae_SWS2_SC6428	ONZH01014076.1	18.908	238	129	6	144	332	43947	44615	2.08e-04	49.3
Adenomera_andreae_SWS2_SC6428	ONZH01015480.1	25.248	202	126	7	137	328	60252	59692	2.15e-04	49.3
Adenomera_andreae_SWS2_SC6428	ONZH01007813.1	22.477	218	154	5	110	323	10509	9889	2.26e-04	49.3
Adenomera_andreae_SWS2_SC6428	ONZH01029306.1	26.923	182	104	6	170	330	1145283	1145804	2.33e-04	49.3
Adenomera_andreae_SWS2_SC6428	ONZH01025734.1	19.824	227	164	6	105	324	150699	151346	2.45e-04	49.3
Adenomera_andreae_SWS2_SC6428	ONZH01007699.1	18.293	246	131	6	142	332	13915	14607	2.46e-04	49.3
Adenomera_andreae_SWS2_SC6428	ONZH01025598.1	35.135	74	43	2	255	324	6928	7146	2.71e-04	48.9
Adenomera_andreae_SWS2_SC6428	ONZH01026450.1	30.864	81	50	2	261	337	31638	31402	2.85e-04	48.9
Adenomera_andreae_SWS2_SC6428	ONZH01026450.1	26.667	75	52	1	195	266	33289	33065	2.6	36.2
Adenomera_andreae_SWS2_SC6428	ONZH01009892.1	33.803	71	47	0	262	332	42186	41974	3.03e-04	48.9
Adenomera_andreae_SWS2_SC6428	ONZH01004974.1	20.909	220	139	7	137	328	128899	128261	3.32e-04	48.9
Adenomera_andreae_SWS2_SC6428	ONZH01003799.1	32.941	85	56	1	103	186	405270	405016	3.32e-04	48.9
Adenomera_andreae_SWS2_SC6428	ONZH01003799.1	32.759	58	37	1	187	244	402156	401989	2.2	36.6
Adenomera_andreae_SWS2_SC6428	ONZH01007489.1	21.862	247	165	6	98	330	6160	5462	3.60e-04	48.5
Adenomera_andreae_SWS2_SC6428	ONZH01028229.1	25.333	225	124	11	133	336	1019994	1019389	3.75e-04	48.5
Adenomera_andreae_SWS2_SC6428	ONZH01022753.1	28.462	130	83	5	214	336	36553	36933	3.85e-04	48.5
Adenomera_andreae_SWS2_SC6428	ONZH01013527.1	39.344	61	37	0	261	321	50450	50268	4.70e-04	48.1
Adenomera_andreae_SWS2_SC6428	ONZH01024471.1	22.026	227	164	7	115	335	454958	455617	5.04e-04	48.1
Adenomera_andreae_SWS2_SC6428	ONZH01007139.1	22.535	213	108	5	109	277	80858	81457	5.26e-04	48.1
Adenomera_andreae_SWS2_SC6428	ONZH01025920.1	34.118	85	55	1	254	337	87245	86991	5.88e-04	48.1
Adenomera_andreae_SWS2_SC6428	ONZH01014812.1	23.214	168	109	4	117	277	605680	606144	6.11e-04	48.1
Adenomera_andreae_SWS2_SC6428	ONZH01026609.1	22.581	248	146	6	104	334	200737	201393	6.15e-04	47.8
Adenomera_andreae_SWS2_SC6428	ONZH01019041.1	23.144	229	141	8	113	324	73239	73871	6.92e-04	47.8
Adenomera_andreae_SWS2_SC6428	ONZH01018568.1	32.203	118	68	5	212	323	1114236	1114571	8.57e-04	47.4
Adenomera_andreae_SWS2_SC6428	ONZH01029617.1	21.456	261	157	6	113	332	19648	20409	0.001	47.0
Adenomera_andreae_SWS2_SC6428	ONZH01025938.1	25.984	127	80	4	209	330	11967	12320	0.001	47.0
Adenomera_andreae_SWS2_SC6428	ONZH01008363.1	30.645	124	81	3	114	236	42234	42593	0.001	47.0
Adenomera_andreae_SWS2_SC6428	ONZH01012075.1	21.429	224	147	10	112	323	3297	3917	0.001	47.0
Adenomera_andreae_SWS2_SC6428	ONZH01028266.1	24.000	125	84	3	206	330	13081	13422	0.001	47.0
Adenomera_andreae_SWS2_SC6428	ONZH01020670.1	22.026	227	156	7	115	330	26357	25707	0.001	46.6
Adenomera_andreae_SWS2_SC6428	ONZH01011829.1	25.926	108	61	4	237	334	51867	51571	0.002	46.2
Adenomera_andreae_SWS2_SC6428	ONZH01005693.1	21.711	304	206	11	36	330	23766	22924	0.002	46.2
Adenomera_andreae_SWS2_SC6428	ONZH01022112.1	23.077	104	71	1	221	324	26167	26451	0.003	45.8
Adenomera_andreae_SWS2_SC6428	ONZH01022112.1	23.529	119	71	5	221	330	48299	48622	0.017	43.1
Adenomera_andreae_SWS2_SC6428	ONZH01003453.1	19.731	223	156	7	115	324	31455	30817	0.003	45.8
Adenomera_andreae_SWS2_SC6428	ONZH01026978.1	29.231	130	83	4	198	325	4939	5307	0.003	45.4
Adenomera_andreae_SWS2_SC6428	ONZH01023320.1	25.506	247	164	8	102	331	510361	509630	0.004	45.4
Adenomera_andreae_SWS2_SC6428	ONZH01029389.1	22.222	243	154	9	115	336	110928	111614	0.004	45.4
Adenomera_andreae_SWS2_SC6428	ONZH01010358.1	24.444	135	78	6	207	328	8703	8332	0.004	45.1
Adenomera_andreae_SWS2_SC6428	ONZH01010358.1	24.272	103	67	3	221	323	93523	93248	2.1	36.6
Adenomera_andreae_SWS2_SC6428	ONZH01010358.1	20.661	121	84	3	214	330	52205	51867	8.5	34.7
Adenomera_andreae_SWS2_SC6428	ONZH01000178.1	22.078	231	155	8	115	330	583318	583980	0.005	45.1
Adenomera_andreae_SWS2_SC6428	ONZH01011329.1	21.397	229	154	8	117	329	173340	173996	0.006	44.7
Adenomera_andreae_SWS2_SC6428	ONZH01022675.1	21.239	226	156	6	115	330	54269	54910	0.007	44.7
Adenomera_andreae_SWS2_SC6428	ONZH01027760.1	23.636	110	76	2	221	330	40850	40545	0.007	44.7
Adenomera_andreae_SWS2_SC6428	ONZH01027760.1	20.889	225	163	6	111	330	31765	31121	1.2	37.4
Adenomera_andreae_SWS2_SC6428	ONZH01003558.1	22.430	214	138	7	118	323	82130	81549	0.010	43.9
Adenomera_andreae_SWS2_SC6428	ONZH01004131.1	25.731	171	115	7	115	277	61921	61421	0.010	43.9
Adenomera_andreae_SWS2_SC6428	ONZH01011261.1	21.778	225	162	6	112	332	1125343	1125987	0.011	43.9
Adenomera_andreae_SWS2_SC6428	ONZH01002225.1	20.982	224	155	8	115	324	85000	85647	0.016	43.5
Adenomera_andreae_SWS2_SC6428	ONZH01000744.1	34.328	67	43	1	256	321	734393	734193	0.016	43.5
Adenomera_andreae_SWS2_SC6428	ONZH01010528.1	18.085	188	129	5	119	285	16779	17330	0.016	43.5
Adenomera_andreae_SWS2_SC6428	ONZH01013367.1	25.000	168	107	6	113	276	27243	27701	0.017	43.5
Adenomera_andreae_SWS2_SC6428	ONZH01025830.1	21.171	222	144	9	133	337	446709	447332	0.019	43.1
Adenomera_andreae_SWS2_SC6428	ONZH01016257.1	23.176	233	146	7	113	330	21340	21984	0.020	43.1
Adenomera_andreae_SWS2_SC6428	ONZH01016257.1	18.884	233	156	6	113	330	25869	26513	4.5	35.4
Adenomera_andreae_SWS2_SC6428	ONZH01013287.1	25.439	114	71	4	221	330	23616	23305	0.020	43.1
Adenomera_andreae_SWS2_SC6428	ONZH01029290.1	20.197	203	145	7	127	323	7493	6918	0.020	43.1
Adenomera_andreae_SWS2_SC6428	ONZH01005243.1	25.000	104	64	5	221	321	2553	2275	0.023	42.7
Adenomera_andreae_SWS2_SC6428	ONZH01030248.1	25.287	87	62	1	246	329	10740	10480	0.025	42.7
Adenomera_andreae_SWS2_SC6428	ONZH01008846.1	24.074	162	113	4	119	277	39872	40336	0.028	42.7
Adenomera_andreae_SWS2_SC6428	ONZH01005954.1	20.982	224	148	8	115	323	35873	35244	0.030	42.4
Adenomera_andreae_SWS2_SC6428	ONZH01014869.1	22.523	222	151	7	49	267	7741	7130	0.031	42.4
Adenomera_andreae_SWS2_SC6428	ONZH01019944.1	20.455	220	156	8	111	323	19082	19705	0.032	42.4
Adenomera_andreae_SWS2_SC6428	ONZH01025240.1	24.157	178	112	7	115	276	37661	38173	0.033	42.4
Adenomera_andreae_SWS2_SC6428	ONZH01003949.1	22.963	135	88	3	105	235	14452	14820	0.035	42.4
Adenomera_andreae_SWS2_SC6428	ONZH01001887.1	25.581	129	79	3	112	235	57387	57037	0.036	42.4
Adenomera_andreae_SWS2_SC6428	ONZH01001887.1	24.468	94	66	1	244	332	56736	56455	0.13	40.4
Adenomera_andreae_SWS2_SC6428	ONZH01001806.1	19.414	273	157	6	112	330	7930	7139	0.037	42.4
Adenomera_andreae_SWS2_SC6428	ONZH01006781.1	25.397	126	80	3	205	321	90567	90205	0.039	42.4
Adenomera_andreae_SWS2_SC6428	ONZH01013048.1	22.780	259	127	12	101	330	145841	145197	0.049	42.0
Adenomera_andreae_SWS2_SC6428	ONZH01026885.1	19.214	229	164	6	113	328	129946	130608	0.051	42.0
Adenomera_andreae_SWS2_SC6428	ONZH01023233.1	26.154	130	76	4	214	332	138611	138249	0.055	41.6
Adenomera_andreae_SWS2_SC6428	ONZH01020620.1	23.207	237	159	10	104	336	40708	41361	0.059	41.6
Adenomera_andreae_SWS2_SC6428	ONZH01024757.1	21.368	234	147	9	113	329	122831	123472	0.060	41.6
Adenomera_andreae_SWS2_SC6428	ONZH01024757.1	21.519	237	153	8	113	334	80145	80801	0.098	40.8
Adenomera_andreae_SWS2_SC6428	ONZH01009411.1	26.852	108	63	5	221	323	11845	11555	0.063	41.6
Adenomera_andreae_SWS2_SC6428	ONZH01010663.1	25.472	106	67	4	221	323	781	491	0.065	41.2
Adenomera_andreae_SWS2_SC6428	ONZH01005685.1	21.406	313	208	9	51	334	78818	79729	0.072	41.2
Adenomera_andreae_SWS2_SC6428	ONZH01008951.1	23.671	207	121	7	137	326	18067	17507	0.073	41.2
Adenomera_andreae_SWS2_SC6428	ONZH01021562.1	26.761	71	50	1	265	335	12666	12460	0.074	41.2
Adenomera_andreae_SWS2_SC6428	ONZH01013765.1	20.673	208	139	7	135	330	162319	161738	0.080	41.2
Adenomera_andreae_SWS2_SC6428	ONZH01013765.1	21.154	208	138	7	135	330	150518	149937	0.21	39.7
Adenomera_andreae_SWS2_SC6428	ONZH01013765.1	21.491	228	156	7	118	335	255699	256343	8.1	34.7
Adenomera_andreae_SWS2_SC6428	ONZH01029427.1	22.364	313	210	13	34	330	40029	39142	0.085	41.2
Adenomera_andreae_SWS2_SC6428	ONZH01017677.1	26.437	87	57	2	254	334	128808	128551	0.087	41.2
Adenomera_andreae_SWS2_SC6428	ONZH01007102.1	19.905	211	145	7	135	332	174982	174383	0.091	40.8
Adenomera_andreae_SWS2_SC6428	ONZH01010716.1	23.810	84	55	4	245	323	20205	19966	0.099	40.8
Adenomera_andreae_SWS2_SC6428	ONZH01025266.1	24.315	292	202	8	54	335	26951	26103	0.12	40.4
Adenomera_andreae_SWS2_SC6428	ONZH01004634.1	26.263	99	66	2	136	233	19382	19660	0.12	40.4
Adenomera_andreae_SWS2_SC6428	ONZH01006925.1	23.874	222	154	6	112	332	111846	112469	0.14	40.4
Adenomera_andreae_SWS2_SC6428	ONZH01011501.1	22.078	231	150	5	115	328	33285	32632	0.15	40.4
Adenomera_andreae_SWS2_SC6428	ONZH01015762.1	24.576	118	79	3	215	330	41636	41307	0.15	40.4
Adenomera_andreae_SWS2_SC6428	ONZH01015762.1	25.664	113	72	4	214	323	66848	66537	0.53	38.5
Adenomera_andreae_SWS2_SC6428	ONZH01023171.1	21.397	229	128	10	115	324	40016	39429	0.16	40.0
Adenomera_andreae_SWS2_SC6428	ONZH01023171.1	24.779	113	70	4	217	324	56206	55898	0.23	39.7
Adenomera_andreae_SWS2_SC6428	ONZH01023171.1	25.000	64	45	1	261	324	89090	88908	8.6	34.7
Adenomera_andreae_SWS2_SC6428	ONZH01004752.1	23.853	109	75	2	215	323	38495	38193	0.17	40.0
Adenomera_andreae_SWS2_SC6428	ONZH01029582.1	21.875	224	148	7	105	317	45888	45265	0.17	40.0
Adenomera_andreae_SWS2_SC6428	ONZH01018090.1	19.277	249	163	8	106	329	162567	161860	0.20	40.0
Adenomera_andreae_SWS2_SC6428	ONZH01026183.1	22.837	289	198	7	55	330	22952	22122	0.21	39.7
Adenomera_andreae_SWS2_SC6428	ONZH01022415.1	22.458	236	131	9	120	324	11761	12405	0.23	39.7
Adenomera_andreae_SWS2_SC6428	ONZH01030739.1	20.745	188	120	7	119	284	551595	552137	0.24	39.7
Adenomera_andreae_SWS2_SC6428	ONZH01022643.1	23.605	233	138	10	113	328	8835	9464	0.24	39.7
Adenomera_andreae_SWS2_SC6428	ONZH01023186.1	25.439	114	65	5	221	325	10736	10428	0.24	39.7
Adenomera_andreae_SWS2_SC6428	ONZH01012978.1	23.140	121	81	3	214	330	11867	11529	0.32	39.3
Adenomera_andreae_SWS2_SC6428	ONZH01008253.1	33.824	68	39	2	261	324	25689	25492	0.34	39.3
Adenomera_andreae_SWS2_SC6428	ONZH01014478.1	24.806	129	77	6	133	250	59493	59134	0.34	39.3
Adenomera_andreae_SWS2_SC6428	ONZH01027021.1	24.476	143	107	1	58	199	104155	103727	0.34	39.3
Adenomera_andreae_SWS2_SC6428	ONZH01027892.1	19.417	206	145	5	136	332	42509	43090	0.34	39.3
Adenomera_andreae_SWS2_SC6428	ONZH01001296.1	21.769	294	201	12	49	330	76867	76037	0.34	39.3
Adenomera_andreae_SWS2_SC6428	ONZH01020192.1	21.555	283	198	7	57	324	38998	39819	0.38	38.9
Adenomera_andreae_SWS2_SC6428	ONZH01031327.1	28.302	106	63	2	236	328	770453	770136	0.41	38.9
Adenomera_andreae_SWS2_SC6428	ONZH01005601.1	23.636	110	76	2	221	330	11923	12228	0.49	38.5
Adenomera_andreae_SWS2_SC6428	ONZH01005601.1	22.078	77	60	0	248	324	48150	48380	1.3	37.4
Adenomera_andreae_SWS2_SC6428	ONZH01009899.1	26.415	106	64	5	221	323	8005	7721	0.49	38.5
Adenomera_andreae_SWS2_SC6428	ONZH01015883.1	22.388	201	137	7	137	329	20060	19491	0.54	38.5
Adenomera_andreae_SWS2_SC6428	ONZH01024856.1	25.253	99	64	3	227	324	12815	13084	0.55	38.5
Adenomera_andreae_SWS2_SC6428	ONZH01005696.1	24.107	112	75	4	221	330	8771	9082	0.57	38.5
Adenomera_andreae_SWS2_SC6428	ONZH01007981.1	22.170	212	144	7	115	324	54026	53448	0.59	38.5
Adenomera_andreae_SWS2_SC6428	ONZH01024142.1	28.099	121	68	5	217	333	37400	37083	0.59	38.5
Adenomera_andreae_SWS2_SC6428	ONZH01020248.1	24.590	122	78	5	214	330	17231	16893	0.60	38.5
Adenomera_andreae_SWS2_SC6428	ONZH01029661.1	19.742	233	153	8	107	330	79825	79202	0.60	38.5
Adenomera_andreae_SWS2_SC6428	ONZH01029661.1	19.397	232	153	8	107	329	91630	91010	4.7	35.4
Adenomera_andreae_SWS2_SC6428	ONZH01006674.1	28.571	84	59	1	239	321	607254	607003	0.65	38.1
Adenomera_andreae_SWS2_SC6428	ONZH01006674.1	31.884	69	40	3	130	195	610432	610238	8.7	34.7
Adenomera_andreae_SWS2_SC6428	ONZH01013041.1	23.982	221	148	7	118	328	22202	21570	0.66	38.1
Adenomera_andreae_SWS2_SC6428	ONZH01019791.1	17.453	212	128	5	160	334	270157	270762	0.71	38.1
Adenomera_andreae_SWS2_SC6428	ONZH01025002.1	21.875	224	156	4	113	329	19535	18900	0.72	38.1
Adenomera_andreae_SWS2_SC6428	ONZH01016378.1	23.214	112	76	4	221	330	23060	22749	0.72	38.1
Adenomera_andreae_SWS2_SC6428	ONZH01022627.1	28.889	90	51	4	248	330	165164	164913	0.76	38.1
Adenomera_andreae_SWS2_SC6428	ONZH01017634.1	21.459	233	148	8	115	329	39356	40003	0.77	38.1
Adenomera_andreae_SWS2_SC6428	ONZH01006661.1	21.591	88	65	2	241	326	859982	859725	0.78	38.1
Adenomera_andreae_SWS2_SC6428	ONZH01022181.1	21.397	229	162	6	104	323	152799	153458	0.84	37.7
Adenomera_andreae_SWS2_SC6428	ONZH01009381.1	21.053	323	204	10	44	334	14742	15653	0.85	37.7
Adenomera_andreae_SWS2_SC6428	ONZH01003397.1	21.070	299	194	10	44	315	39583	38732	0.87	37.7
Adenomera_andreae_SWS2_SC6428	ONZH01021509.1	27.160	81	51	2	254	330	330943	331173	0.91	37.7
Adenomera_andreae_SWS2_SC6428	ONZH01003945.1	23.140	242	137	10	133	334	27642	28340	0.98	37.7
Adenomera_andreae_SWS2_SC6428	ONZH01012750.1	19.903	206	130	7	137	326	23461	22901	1.1	37.4
Adenomera_andreae_SWS2_SC6428	ONZH01025056.1	23.256	215	143	8	118	323	58564	59169	1.3	37.4
Adenomera_andreae_SWS2_SC6428	ONZH01025056.1	32.394	71	45	2	118	186	32815	33024	2.9	36.2
Adenomera_andreae_SWS2_SC6428	ONZH01025056.1	34.722	72	42	3	118	186	118782	118991	6.6	35.0
Adenomera_andreae_SWS2_SC6428	ONZH01023641.1	25.121	207	133	10	133	333	58742	59314	1.4	37.4
Adenomera_andreae_SWS2_SC6428	ONZH01009101.1	22.120	217	159	5	53	263	197233	196595	1.5	37.0
Adenomera_andreae_SWS2_SC6428	ONZH01002189.1	19.231	234	151	7	113	328	84693	84052	1.5	37.0
Adenomera_andreae_SWS2_SC6428	ONZH01024551.1	22.381	210	128	8	137	330	86454	87026	1.6	37.0
Adenomera_andreae_SWS2_SC6428	ONZH01010011.1	20.982	224	161	5	115	328	22662	23315	1.6	37.0
Adenomera_andreae_SWS2_SC6428	ONZH01020379.1	20.317	315	206	11	49	330	57110	58018	1.7	37.0
Adenomera_andreae_SWS2_SC6428	ONZH01023968.1	23.171	82	56	3	245	323	17043	17276	1.9	36.6
Adenomera_andreae_SWS2_SC6428	ONZH01004866.1	22.422	223	126	11	126	328	153256	153843	1.9	36.6
Adenomera_andreae_SWS2_SC6428	ONZH01023052.1	25.140	179	120	7	102	277	32005	31502	1.9	36.6
Adenomera_andreae_SWS2_SC6428	ONZH01025795.1	27.473	91	51	3	252	334	97060	97311	2.1	36.6
Adenomera_andreae_SWS2_SC6428	ONZH01025795.1	23.333	150	108	4	111	258	96310	96744	5.9	35.0
Adenomera_andreae_SWS2_SC6428	ONZH01029614.1	21.739	184	128	4	106	284	3393	3911	2.1	36.6
Adenomera_andreae_SWS2_SC6428	ONZH01028102.1	21.569	153	85	5	209	335	26576	27007	2.2	36.6
Adenomera_andreae_SWS2_SC6428	ONZH01021045.1	23.377	231	160	6	114	328	22635	21946	2.3	36.6
Adenomera_andreae_SWS2_SC6428	ONZH01013380.1	25.882	85	58	2	254	335	538873	539121	2.4	36.6
Adenomera_andreae_SWS2_SC6428	ONZH01020812.1	18.468	222	145	7	130	335	44597	45202	2.7	36.2
Adenomera_andreae_SWS2_SC6428	ONZH01005761.1	39.130	46	26	1	187	232	19019	19150	2.8	36.2
Adenomera_andreae_SWS2_SC6428	ONZH01018909.1	21.053	152	109	4	111	260	70201	69773	2.8	36.2
Adenomera_andreae_SWS2_SC6428	ONZH01015790.1	17.989	189	130	3	119	285	49336	49893	2.9	36.2
Adenomera_andreae_SWS2_SC6428	ONZH01004053.1	17.989	189	130	3	119	285	163718	164275	2.9	36.2
Adenomera_andreae_SWS2_SC6428	ONZH01030085.1	20.982	224	140	8	128	335	206871	207479	3.0	36.2
Adenomera_andreae_SWS2_SC6428	ONZH01030085.1	22.000	150	106	4	113	251	232742	233191	8.9	34.7
Adenomera_andreae_SWS2_SC6428	ONZH01000318.1	30.108	93	56	3	132	216	10053	9778	3.3	35.8
Adenomera_andreae_SWS2_SC6428	ONZH01022061.1	23.445	209	137	9	137	335	18708	19295	3.7	35.8
Adenomera_andreae_SWS2_SC6428	ONZH01010736.1	31.343	67	45	1	112	177	8820	8620	4.2	35.4
Adenomera_andreae_SWS2_SC6428	ONZH01024703.1	24.757	206	114	10	137	323	27785	27234	4.4	35.4
Adenomera_andreae_SWS2_SC6428	ONZH01005969.1	23.529	85	61	1	254	334	30528	30274	4.6	35.4
Adenomera_andreae_SWS2_SC6428	ONZH01016175.1	22.043	186	125	7	101	277	59790	59266	4.7	35.4
Adenomera_andreae_SWS2_SC6428	ONZH01030680.1	21.854	151	94	5	113	247	10019	10447	5.3	35.4
Adenomera_andreae_SWS2_SC6428	ONZH01005576.1	20.349	172	129	3	113	279	34196	34702	5.3	35.4
Adenomera_andreae_SWS2_SC6428	ONZH01023232.1	20.743	323	218	12	25	330	49914	50819	5.8	35.0
Adenomera_andreae_SWS2_SC6428	ONZH01002925.1	26.357	129	94	1	60	187	16613	16999	5.9	35.0
Adenomera_andreae_SWS2_SC6428	ONZH01009132.1	22.826	92	61	4	235	323	39288	39542	6.3	35.0
Adenomera_andreae_SWS2_SC6428	ONZH01021179.1	31.343	67	41	1	185	251	258905	258720	6.4	35.0
Adenomera_andreae_SWS2_SC6428	ONZH01031360.1	21.032	252	163	9	97	330	6028	6729	6.6	35.0
Adenomera_andreae_SWS2_SC6428	ONZH01025400.1	24.038	104	58	4	244	333	39961	39671	7.3	35.0
Adenomera_andreae_SWS2_SC6428	ONZH01001541.1	25.600	125	89	3	132	254	15714	15346	7.7	34.7
Adenomera_andreae_SWS2_SC6428	ONZH01021011.1	21.348	89	70	0	244	332	13649	13383	8.3	34.7
Adenomera_andreae_SWS2_SC6428	ONZH01007904.1	18.797	133	86	2	207	317	447945	448343	8.4	34.7
Adenomera_andreae_SWS2_SC6428	ONZH01024885.1	19.130	230	149	7	118	330	375034	375663	8.5	34.7
Adenomera_andreae_SWS2_SC6428	ONZH01009585.1	20.192	208	131	7	137	329	26004	25441	8.7	34.7
Adenomera_andreae_SWS2_SC6428	ONZH01012518.1	21.635	208	130	8	137	329	35764	35195	8.8	34.7
Adenomera_andreae_SWS2_SC6428	ONZH01005677.1	20.628	223	152	6	115	323	25775	26410	9.9	34.3
# BLAST processed 1 queries
