# TBLASTN 2.6.0+
# Query: Hyla_arborea_SWS2_SRR2157967
# Database: ../synteny/RanitomeyaDB/Ranitomeya.0
# Fields: query acc.ver, subject acc.ver, % identity, alignment length, mismatches, gap opens, q. start, q. end, s. start, s. end, evalue, bit score
# 540 hits found
Hyla_arborea_SWS2_SRR2157967	CAJOBX010017724.1	42.857	168	64	1	186	321	95097	95600	1.60e-35	144
Hyla_arborea_SWS2_SRR2157967	CAJOBX010017724.1	39.041	146	80	4	11	150	92925	93353	3.14e-18	93.6
Hyla_arborea_SWS2_SRR2157967	CAJOBX010017724.1	53.846	65	30	0	122	186	94363	94557	3.01e-14	81.6
Hyla_arborea_SWS2_SRR2157967	CAJOBX010017724.1	61.905	21	8	0	321	341	96248	96310	4.8	37.0
Hyla_arborea_SWS2_SRR2157967	CAJOBX010072493.1	43.195	169	63	2	186	321	280978	280472	2.69e-34	141
Hyla_arborea_SWS2_SRR2157967	CAJOBX010072493.1	46.341	123	59	3	11	131	284044	283691	9.41e-22	103
Hyla_arborea_SWS2_SRR2157967	CAJOBX010072493.1	51.389	72	33	1	117	186	282279	282064	5.80e-14	80.5
Hyla_arborea_SWS2_SRR2157967	CAJOBX010072493.1	22.742	299	176	13	21	285	3636903	3637736	1.22e-04	51.6
Hyla_arborea_SWS2_SRR2157967	CAJOBX010072493.1	71.429	21	6	0	321	341	279524	279462	0.65	39.7
Hyla_arborea_SWS2_SRR2157967	CAJOBX010072493.1	23.810	189	114	7	26	203	1606909	1606400	0.73	39.3
Hyla_arborea_SWS2_SRR2157967	CAJOBX010007180.1	44.737	114	61	1	129	242	392225	392560	2.29e-22	105
Hyla_arborea_SWS2_SRR2157967	CAJOBX010007180.1	45.745	94	49	1	248	339	398483	398764	1.44e-17	91.7
Hyla_arborea_SWS2_SRR2157967	CAJOBX010007180.1	41.176	68	40	0	63	130	385144	385347	1.65e-05	54.3
Hyla_arborea_SWS2_SRR2157967	CAJOBX010072048.1	28.333	240	110	3	4	186	15333183	15332479	2.29e-22	105
Hyla_arborea_SWS2_SRR2157967	CAJOBX010072048.1	55.405	74	33	0	248	321	15331668	15331447	4.38e-19	96.3
Hyla_arborea_SWS2_SRR2157967	CAJOBX010072048.1	53.846	78	35	1	186	262	15332231	15331998	5.51e-15	83.6
Hyla_arborea_SWS2_SRR2157967	CAJOBX010072048.1	23.226	155	105	6	45	191	22421946	22422392	0.57	39.7
Hyla_arborea_SWS2_SRR2157967	CAJOBX010006235.1	45.133	113	60	1	130	242	42453	42785	2.51e-22	105
Hyla_arborea_SWS2_SRR2157967	CAJOBX010006235.1	45.122	82	44	1	244	324	50534	50779	1.21e-11	73.6
Hyla_arborea_SWS2_SRR2157967	CAJOBX010026903.1	56.627	83	36	0	242	324	247409	247161	5.13e-22	104
Hyla_arborea_SWS2_SRR2157967	CAJOBX010026903.1	42.400	125	67	1	10	134	275001	274642	4.84e-17	90.1
Hyla_arborea_SWS2_SRR2157967	CAJOBX010026903.1	61.017	59	23	0	185	243	269271	269095	1.54e-14	82.4
Hyla_arborea_SWS2_SRR2157967	CAJOBX010026903.1	54.386	57	26	0	130	186	272116	271946	2.46e-10	69.3
Hyla_arborea_SWS2_SRR2157967	CAJOBX010007158.1	58.228	79	33	0	243	321	130510	130746	1.15e-21	103
Hyla_arborea_SWS2_SRR2157967	CAJOBX010007158.1	58.065	62	26	0	130	191	118593	118778	1.16e-16	89.0
Hyla_arborea_SWS2_SRR2157967	CAJOBX010007158.1	46.667	45	18	2	191	231	119081	119209	4.0	37.0
Hyla_arborea_SWS2_SRR2157967	CAJOBX010018113.1	52.632	95	40	1	242	336	1219116	1218847	2.29e-21	102
Hyla_arborea_SWS2_SRR2157967	CAJOBX010018113.1	36.000	100	64	0	31	130	1227037	1226738	1.21e-07	60.8
Hyla_arborea_SWS2_SRR2157967	CAJOBX010018113.1	43.478	46	26	0	130	175	1223897	1223760	2.70e-04	50.4
Hyla_arborea_SWS2_SRR2157967	CAJOBX010018113.1	75.000	8	2	0	179	186	1223751	1223728	2.70e-04	19.6
Hyla_arborea_SWS2_SRR2157967	CAJOBX010018113.1	33.766	77	49	1	186	262	1222535	1222311	0.015	44.7
Hyla_arborea_SWS2_SRR2157967	CAJOBX010034670.1	27.160	324	211	12	31	341	32369	31434	3.80e-19	96.3
Hyla_arborea_SWS2_SRR2157967	CAJOBX010072427.1	50.000	86	43	0	236	321	66439	66182	9.66e-19	95.1
Hyla_arborea_SWS2_SRR2157967	CAJOBX010072427.1	45.902	61	33	0	130	190	68059	67877	2.84e-08	63.2
Hyla_arborea_SWS2_SRR2157967	CAJOBX010072427.1	35.644	101	65	0	30	130	68820	68518	2.92e-08	62.8
Hyla_arborea_SWS2_SRR2157967	CAJOBX010072427.1	62.069	29	11	0	130	158	99397	99311	0.081	42.4
Hyla_arborea_SWS2_SRR2157967	CAJOBX010072427.1	40.426	47	28	0	186	232	67639	67499	0.24	40.8
Hyla_arborea_SWS2_SRR2157967	CAJOBX010027224.1	45.122	82	45	0	242	323	206043	205798	1.00e-16	89.0
Hyla_arborea_SWS2_SRR2157967	CAJOBX010027224.1	41.558	77	45	0	124	200	257925	257695	4.15e-15	84.0
Hyla_arborea_SWS2_SRR2157967	CAJOBX010027224.1	36.508	126	77	2	5	130	276830	276462	1.44e-12	76.3
Hyla_arborea_SWS2_SRR2157967	CAJOBX010001538.1	23.102	303	212	7	51	342	22869	21991	6.50e-15	83.6
Hyla_arborea_SWS2_SRR2157967	CAJOBX010043875.1	39.130	115	64	3	130	242	4762	5094	6.82e-15	83.2
Hyla_arborea_SWS2_SRR2157967	CAJOBX010030001.1	26.460	291	196	8	57	335	8348644	8349498	6.98e-15	83.6
Hyla_arborea_SWS2_SRR2157967	CAJOBX010072117.1	26.623	308	190	13	51	341	10086	9220	8.99e-14	80.1
Hyla_arborea_SWS2_SRR2157967	CAJOBX010007113.1	22.635	296	211	9	41	330	602668	601817	1.93e-13	79.0
Hyla_arborea_SWS2_SRR2157967	CAJOBX010013533.1	38.462	117	63	3	129	242	15988	15656	1.40e-12	76.3
Hyla_arborea_SWS2_SRR2157967	CAJOBX010011113.1	24.437	311	203	9	42	338	13707185	13708063	2.12e-12	75.9
Hyla_arborea_SWS2_SRR2157967	CAJOBX010007002.1	26.207	290	181	10	58	330	406138	406959	2.63e-12	75.5
Hyla_arborea_SWS2_SRR2157967	CAJOBX010018668.1	28.365	208	129	4	57	258	220897	221478	2.78e-12	75.5
Hyla_arborea_SWS2_SRR2157967	CAJOBX010001114.1	25.484	310	193	10	58	341	149573	150466	3.51e-12	75.1
Hyla_arborea_SWS2_SRR2157967	CAJOBX010011392.1	21.502	293	206	8	58	341	381202	382035	5.21e-12	74.7
Hyla_arborea_SWS2_SRR2157967	CAJOBX010006668.1	25.071	351	219	11	8	340	23030373	23031347	2.85e-11	72.4
Hyla_arborea_SWS2_SRR2157967	CAJOBX010006668.1	36.066	61	39	0	261	321	8164573	8164755	0.006	46.2
Hyla_arborea_SWS2_SRR2157967	CAJOBX010003901.1	25.625	320	216	12	7	313	30861	31793	6.00e-11	71.2
Hyla_arborea_SWS2_SRR2157967	CAJOBX010044445.1	25.725	276	179	10	58	323	34092285	34093064	1.39e-10	70.1
Hyla_arborea_SWS2_SRR2157967	CAJOBX010044445.1	24.014	279	188	8	54	321	24585204	24584407	2.08e-09	66.6
Hyla_arborea_SWS2_SRR2157967	CAJOBX010044445.1	21.779	326	211	9	13	324	33991859	33992746	7.34e-08	61.6
Hyla_arborea_SWS2_SRR2157967	CAJOBX010044445.1	25.180	278	184	7	58	324	34108933	34109727	6.36e-07	58.9
Hyla_arborea_SWS2_SRR2157967	CAJOBX010044445.1	24.034	233	144	8	54	277	33797303	33797929	1.47e-06	57.8
Hyla_arborea_SWS2_SRR2157967	CAJOBX010044445.1	23.003	313	201	12	53	341	30184346	30185236	7.97e-06	55.5
Hyla_arborea_SWS2_SRR2157967	CAJOBX010044445.1	21.404	285	202	8	55	329	33911093	33910275	0.006	46.2
Hyla_arborea_SWS2_SRR2157967	CAJOBX010044445.1	20.690	290	191	12	53	330	33843476	33842688	0.058	43.1
Hyla_arborea_SWS2_SRR2157967	CAJOBX010044445.1	21.088	294	196	10	54	329	33945060	33944233	0.82	39.3
Hyla_arborea_SWS2_SRR2157967	CAJOBX010044445.1	21.293	263	172	9	78	324	31942246	31942977	3.3	37.4
Hyla_arborea_SWS2_SRR2157967	CAJOBX010044445.1	20.625	320	219	13	41	342	21430807	21429899	9.9	35.8
Hyla_arborea_SWS2_SRR2157967	CAJOBX010010928.1	41.379	87	51	0	246	332	44794	44534	2.19e-10	69.7
Hyla_arborea_SWS2_SRR2157967	CAJOBX010071369.1	47.945	73	38	0	249	321	82565	82783	2.57e-10	69.3
Hyla_arborea_SWS2_SRR2157967	CAJOBX010011336.1	23.355	304	198	8	39	328	878247	879095	4.07e-10	68.9
Hyla_arborea_SWS2_SRR2157967	CAJOBX010055556.1	23.611	288	205	5	54	330	19576795	19577646	4.53e-10	68.6
Hyla_arborea_SWS2_SRR2157967	CAJOBX010055556.1	21.138	123	96	1	58	179	12568286	12567918	0.19	41.2
Hyla_arborea_SWS2_SRR2157967	CAJOBX010027513.1	22.727	286	212	7	60	342	183595	182756	5.59e-10	68.2
Hyla_arborea_SWS2_SRR2157967	CAJOBX010004411.1	25.483	259	144	6	59	277	47424	48173	7.01e-10	68.2
Hyla_arborea_SWS2_SRR2157967	CAJOBX010072468.1	33.636	110	71	1	124	233	99549	99872	7.22e-10	67.8
Hyla_arborea_SWS2_SRR2157967	CAJOBX010072468.1	39.189	74	45	0	250	323	106687	106908	7.11e-08	61.6
Hyla_arborea_SWS2_SRR2157967	CAJOBX010072468.1	33.784	74	49	0	57	130	69786	70007	0.038	43.5
Hyla_arborea_SWS2_SRR2157967	CAJOBX010016780.1	21.533	274	200	7	75	335	2130834	2130019	1.06e-09	67.4
Hyla_arborea_SWS2_SRR2157967	CAJOBX010016780.1	22.523	222	127	8	135	336	1421632	1422222	9.9	35.8
Hyla_arborea_SWS2_SRR2157967	CAJOBX010005534.1	24.503	302	194	11	36	324	29479	28637	1.83e-09	66.6
Hyla_arborea_SWS2_SRR2157967	CAJOBX010054835.1	22.526	293	209	8	54	338	95026	94178	1.84e-09	66.6
Hyla_arborea_SWS2_SRR2157967	CAJOBX010001359.1	23.701	308	199	13	39	330	117568	116705	2.02e-09	66.6
Hyla_arborea_SWS2_SRR2157967	CAJOBX010001359.1	22.308	260	183	8	76	328	109265	110008	2.05e-08	63.5
Hyla_arborea_SWS2_SRR2157967	CAJOBX010001359.1	20.270	296	204	11	53	330	139340	138495	0.20	41.2
Hyla_arborea_SWS2_SRR2157967	CAJOBX010007779.1	34.483	116	71	2	128	243	19187499	19187831	2.04e-09	66.6
Hyla_arborea_SWS2_SRR2157967	CAJOBX010007779.1	34.483	87	57	0	245	331	19189251	19189511	2.12e-06	57.0
Hyla_arborea_SWS2_SRR2157967	CAJOBX010007779.1	21.860	215	143	7	137	340	20396549	20395947	0.11	42.0
Hyla_arborea_SWS2_SRR2157967	CAJOBX010010751.1	21.639	305	217	8	50	342	42897	43781	2.24e-09	66.2
Hyla_arborea_SWS2_SRR2157967	CAJOBX010010002.1	20.290	276	210	6	58	330	519135	518329	2.79e-09	66.2
Hyla_arborea_SWS2_SRR2157967	CAJOBX010013004.1	25.000	192	136	4	144	332	21452	20892	3.14e-09	65.9
Hyla_arborea_SWS2_SRR2157967	CAJOBX010000002.1	24.199	281	198	6	54	323	7580182	7581012	3.39e-09	65.9
Hyla_arborea_SWS2_SRR2157967	CAJOBX010003209.1	26.786	280	188	7	59	334	23766	22966	7.75e-09	64.7
Hyla_arborea_SWS2_SRR2157967	CAJOBX010001558.1	21.229	358	229	13	14	330	1193079	1192042	8.38e-09	64.7
Hyla_arborea_SWS2_SRR2157967	CAJOBX010000336.1	30.573	157	104	3	26	179	4786126	4786590	1.00e-08	64.3
Hyla_arborea_SWS2_SRR2157967	CAJOBX010051557.1	24.723	271	193	8	58	323	202861	202067	1.10e-08	64.3
Hyla_arborea_SWS2_SRR2157967	CAJOBX010020335.1	25.000	296	183	10	64	341	1237503	1238327	1.19e-08	64.3
Hyla_arborea_SWS2_SRR2157967	CAJOBX010011159.1	23.009	226	162	6	111	330	83953	84612	2.16e-08	63.5
Hyla_arborea_SWS2_SRR2157967	CAJOBX010016892.1	21.181	288	207	6	52	324	166015	165167	2.51e-08	63.2
Hyla_arborea_SWS2_SRR2157967	CAJOBX010003891.1	25.521	192	131	5	143	329	238629	239183	2.68e-08	63.2
Hyla_arborea_SWS2_SRR2157967	CAJOBX010003891.1	22.120	217	151	5	115	323	5166085	5166705	6.0	36.6
Hyla_arborea_SWS2_SRR2157967	CAJOBX010072937.1	22.333	300	219	8	40	332	775203	776081	2.80e-08	63.2
Hyla_arborea_SWS2_SRR2157967	CAJOBX010045903.1	26.991	226	136	8	49	267	186797	186186	3.19e-08	62.8
Hyla_arborea_SWS2_SRR2157967	CAJOBX010071715.1	25.325	308	194	12	53	342	2625845	2626714	4.20e-08	62.4
Hyla_arborea_SWS2_SRR2157967	CAJOBX010071715.1	22.263	274	189	9	11	277	781121	781891	3.20e-06	56.6
Hyla_arborea_SWS2_SRR2157967	CAJOBX010047269.1	22.744	277	200	7	75	340	111936	112757	4.23e-08	62.4
Hyla_arborea_SWS2_SRR2157967	CAJOBX010009002.1	24.324	296	191	8	65	340	604955	605803	4.43e-08	62.4
Hyla_arborea_SWS2_SRR2157967	CAJOBX010004888.1	21.859	398	236	13	1	339	35440	34295	5.48e-08	62.0
Hyla_arborea_SWS2_SRR2157967	CAJOBX010001780.1	21.942	278	197	8	60	329	3578172	3577375	6.20e-08	62.0
Hyla_arborea_SWS2_SRR2157967	CAJOBX010003581.1	23.158	285	188	11	54	324	476719	475916	6.89e-08	61.6
Hyla_arborea_SWS2_SRR2157967	CAJOBX010018779.1	23.741	278	182	11	60	324	892108	892890	8.91e-08	61.6
Hyla_arborea_SWS2_SRR2157967	CAJOBX010054935.1	24.723	271	175	8	79	324	22362	23162	9.96e-08	61.2
Hyla_arborea_SWS2_SRR2157967	CAJOBX010051112.1	26.667	195	127	7	85	276	9609947	9609402	1.26e-07	60.8
Hyla_arborea_SWS2_SRR2157967	CAJOBX010051112.1	26.020	196	126	9	85	276	9594665	9594123	0.004	47.0
Hyla_arborea_SWS2_SRR2157967	CAJOBX010034930.1	23.397	312	191	13	60	335	16586	15687	1.77e-07	60.5
Hyla_arborea_SWS2_SRR2157967	CAJOBX010000576.1	23.874	222	162	5	111	330	42407	43057	1.94e-07	60.5
Hyla_arborea_SWS2_SRR2157967	CAJOBX010008557.1	26.500	200	130	8	133	324	841049	840477	2.61e-07	60.1
Hyla_arborea_SWS2_SRR2157967	CAJOBX010000525.1	20.323	310	211	8	45	324	58015	58926	4.13e-07	59.3
Hyla_arborea_SWS2_SRR2157967	CAJOBX010070604.1	30.769	156	94	6	47	197	4885627	4886067	4.21e-07	59.3
Hyla_arborea_SWS2_SRR2157967	CAJOBX010005335.1	21.905	315	196	10	48	334	2563033	2563911	4.80e-07	59.3
Hyla_arborea_SWS2_SRR2157967	CAJOBX010005335.1	21.176	255	160	10	45	276	2589209	2589919	0.002	47.8
Hyla_arborea_SWS2_SRR2157967	CAJOBX010005335.1	25.078	319	196	12	42	334	2728180	2729085	0.002	47.4
Hyla_arborea_SWS2_SRR2157967	CAJOBX010005335.1	22.150	307	195	11	45	330	2610836	2611687	0.003	47.4
Hyla_arborea_SWS2_SRR2157967	CAJOBX010005335.1	20.000	250	172	8	48	277	2599682	2600407	0.012	45.1
Hyla_arborea_SWS2_SRR2157967	CAJOBX010005335.1	22.394	259	168	11	42	278	2623093	2622350	0.032	43.9
Hyla_arborea_SWS2_SRR2157967	CAJOBX010005335.1	28.926	121	73	4	37	152	2580447	2580785	0.37	40.4
Hyla_arborea_SWS2_SRR2157967	CAJOBX010014447.1	24.211	285	187	9	64	338	2368021	2367224	6.14e-07	58.9
Hyla_arborea_SWS2_SRR2157967	CAJOBX010014447.1	20.792	202	139	7	137	329	38476	39045	0.76	39.3
Hyla_arborea_SWS2_SRR2157967	CAJOBX010036335.1	21.186	236	169	5	104	330	467106	467789	6.25e-07	58.9
Hyla_arborea_SWS2_SRR2157967	CAJOBX010046601.1	23.028	317	222	8	34	342	3854	2946	9.36e-07	58.2
Hyla_arborea_SWS2_SRR2157967	CAJOBX010039979.1	22.462	325	196	15	44	335	18628	19533	1.18e-06	57.8
Hyla_arborea_SWS2_SRR2157967	CAJOBX010005058.1	22.260	292	185	12	68	326	268430	267582	1.30e-06	57.8
Hyla_arborea_SWS2_SRR2157967	CAJOBX010071349.1	25.616	203	132	7	64	260	106787	107356	1.32e-06	57.8
Hyla_arborea_SWS2_SRR2157967	CAJOBX010021824.1	23.932	234	153	6	51	277	81019	81666	1.36e-06	57.8
Hyla_arborea_SWS2_SRR2157967	CAJOBX010021824.1	22.593	270	178	7	60	317	44399	45151	6.12e-06	55.8
Hyla_arborea_SWS2_SRR2157967	CAJOBX010021824.1	24.364	275	181	10	58	322	144350	145123	8.99e-06	55.1
Hyla_arborea_SWS2_SRR2157967	CAJOBX010067779.1	23.256	258	171	7	85	330	7823243	7822515	1.37e-06	57.8
Hyla_arborea_SWS2_SRR2157967	CAJOBX010067779.1	22.776	281	186	8	64	330	7789022	7789813	7.44e-04	48.9
Hyla_arborea_SWS2_SRR2157967	CAJOBX010010890.1	22.388	268	195	7	72	332	2238235	2237450	1.47e-06	57.8
Hyla_arborea_SWS2_SRR2157967	CAJOBX010010890.1	27.500	120	80	3	216	331	1856843	1857193	8.97e-05	52.0
Hyla_arborea_SWS2_SRR2157967	CAJOBX010011985.1	22.619	252	170	11	86	328	9354	10061	1.79e-06	57.4
Hyla_arborea_SWS2_SRR2157967	CAJOBX010001193.1	23.350	197	139	5	141	332	50276	49707	2.11e-06	57.0
Hyla_arborea_SWS2_SRR2157967	CAJOBX010032223.1	23.684	304	184	12	46	329	6100578	6099751	2.14e-06	57.0
Hyla_arborea_SWS2_SRR2157967	CAJOBX010032223.1	22.801	307	195	10	52	341	5881679	5880834	5.01e-06	55.8
Hyla_arborea_SWS2_SRR2157967	CAJOBX010032223.1	22.581	310	194	13	52	340	6032012	6032866	5.73e-04	49.3
Hyla_arborea_SWS2_SRR2157967	CAJOBX010032223.1	20.333	300	191	7	52	329	5945798	5944977	0.002	48.1
Hyla_arborea_SWS2_SRR2157967	CAJOBX010032223.1	21.032	252	171	6	44	274	5964036	5963302	0.006	46.2
Hyla_arborea_SWS2_SRR2157967	CAJOBX010032223.1	23.445	209	124	9	137	330	5979682	5980245	0.009	45.8
Hyla_arborea_SWS2_SRR2157967	CAJOBX010032223.1	22.378	286	184	9	64	334	6003518	6004306	0.011	45.4
Hyla_arborea_SWS2_SRR2157967	CAJOBX010032223.1	21.284	296	195	9	52	330	5859438	5858614	0.018	44.7
Hyla_arborea_SWS2_SRR2157967	CAJOBX010032223.1	21.708	281	184	9	64	329	5614304	5615083	0.050	43.1
Hyla_arborea_SWS2_SRR2157967	CAJOBX010032223.1	21.672	323	214	12	22	328	6062301	6063200	0.14	41.6
Hyla_arborea_SWS2_SRR2157967	CAJOBX010032223.1	20.946	296	194	10	52	329	5421740	5420919	0.29	40.8
Hyla_arborea_SWS2_SRR2157967	CAJOBX010032223.1	23.529	119	90	1	64	181	5450177	5450533	0.33	40.4
Hyla_arborea_SWS2_SRR2157967	CAJOBX010032223.1	28.000	150	86	7	57	199	6080606	6080202	0.42	40.0
Hyla_arborea_SWS2_SRR2157967	CAJOBX010032223.1	22.488	209	126	9	137	330	5763925	5764488	0.44	40.0
Hyla_arborea_SWS2_SRR2157967	CAJOBX010032223.1	20.748	294	194	10	64	342	6092834	6093643	0.46	40.0
Hyla_arborea_SWS2_SRR2157967	CAJOBX010032223.1	24.390	164	112	5	21	178	6106430	6105957	0.48	40.0
Hyla_arborea_SWS2_SRR2157967	CAJOBX010032223.1	20.848	283	184	10	64	329	5334527	5333748	0.60	39.7
Hyla_arborea_SWS2_SRR2157967	CAJOBX010032223.1	24.370	119	89	1	64	181	5679718	5680074	1.9	38.1
Hyla_arborea_SWS2_SRR2157967	CAJOBX010032223.1	20.070	284	189	8	64	331	5377630	5376845	2.2	37.7
Hyla_arborea_SWS2_SRR2157967	CAJOBX010032223.1	25.410	122	84	2	64	181	5690864	5691220	4.1	37.0
Hyla_arborea_SWS2_SRR2157967	CAJOBX010032223.1	25.410	122	84	2	64	181	5703591	5703947	4.2	37.0
Hyla_arborea_SWS2_SRR2157967	CAJOBX010032223.1	21.453	289	184	11	64	334	5720063	5720854	4.6	37.0
Hyla_arborea_SWS2_SRR2157967	CAJOBX010032223.1	26.882	93	68	0	64	156	5741034	5741312	4.8	37.0
Hyla_arborea_SWS2_SRR2157967	CAJOBX010032223.1	26.882	93	68	0	64	156	5811143	5811421	5.1	36.6
Hyla_arborea_SWS2_SRR2157967	CAJOBX010032223.1	24.370	119	83	2	64	178	5566783	5567130	7.0	36.2
Hyla_arborea_SWS2_SRR2157967	CAJOBX010032223.1	24.370	119	83	2	64	178	5485386	5485733	7.1	36.2
Hyla_arborea_SWS2_SRR2157967	CAJOBX010032223.1	23.529	221	136	9	22	219	6280519	6281151	8.5	36.2
Hyla_arborea_SWS2_SRR2157967	CAJOBX010065846.1	26.239	343	201	17	17	341	93127	94053	2.61e-06	57.0
Hyla_arborea_SWS2_SRR2157967	CAJOBX010012058.1	21.329	286	193	8	64	334	12598	11792	2.61e-06	57.0
Hyla_arborea_SWS2_SRR2157967	CAJOBX010060558.1	23.221	267	178	9	78	328	26509	25742	3.31e-06	56.6
Hyla_arborea_SWS2_SRR2157967	CAJOBX010000113.1	20.319	251	161	7	64	285	32212	31490	3.77e-06	56.2
Hyla_arborea_SWS2_SRR2157967	CAJOBX010000651.1	23.051	295	201	7	45	324	55823	56674	4.53e-06	56.2
Hyla_arborea_SWS2_SRR2157967	CAJOBX010015446.1	23.209	349	209	13	20	339	1414644	1413688	4.71e-06	55.8
Hyla_arborea_SWS2_SRR2157967	CAJOBX010016587.1	29.286	140	83	7	198	332	16785	17171	5.48e-06	55.8
Hyla_arborea_SWS2_SRR2157967	CAJOBX010016587.1	26.613	124	81	4	73	191	7640	7996	0.020	44.3
Hyla_arborea_SWS2_SRR2157967	CAJOBX010035557.1	21.359	309	189	7	48	328	6291232	6290384	5.92e-06	55.8
Hyla_arborea_SWS2_SRR2157967	CAJOBX010035557.1	23.438	256	161	9	85	328	3555314	3554616	1.09e-05	54.7
Hyla_arborea_SWS2_SRR2157967	CAJOBX010035557.1	22.491	289	174	11	64	329	3948849	3948064	0.97	38.9
Hyla_arborea_SWS2_SRR2157967	CAJOBX010033334.1	23.611	216	148	8	46	253	20864266	20864886	6.69e-06	55.5
Hyla_arborea_SWS2_SRR2157967	CAJOBX010033334.1	22.394	259	179	9	85	332	10852483	10851740	3.75e-05	53.1
Hyla_arborea_SWS2_SRR2157967	CAJOBX010033334.1	22.105	95	68	2	244	332	20865130	20865414	1.3	38.5
Hyla_arborea_SWS2_SRR2157967	CAJOBX010010897.1	23.166	259	178	7	82	330	27355	26612	7.22e-06	55.5
Hyla_arborea_SWS2_SRR2157967	CAJOBX010000775.1	19.520	333	238	9	3	324	53022	52081	7.39e-06	55.5
Hyla_arborea_SWS2_SRR2157967	CAJOBX010011714.1	24.113	282	182	11	60	328	90762	91550	7.49e-06	55.5
Hyla_arborea_SWS2_SRR2157967	CAJOBX010001100.1	21.701	341	216	11	22	334	6421	7374	8.43e-06	55.1
Hyla_arborea_SWS2_SRR2157967	CAJOBX010001100.1	23.718	312	190	16	47	330	31062	31937	1.21e-04	51.6
Hyla_arborea_SWS2_SRR2157967	CAJOBX010001100.1	19.540	261	164	11	44	277	80687	79962	3.5	37.4
Hyla_arborea_SWS2_SRR2157967	CAJOBX010000555.1	19.286	280	202	8	58	324	61864	62670	1.05e-05	55.1
Hyla_arborea_SWS2_SRR2157967	CAJOBX010002068.1	20.522	268	191	8	76	330	62282	63058	1.36e-05	54.7
Hyla_arborea_SWS2_SRR2157967	CAJOBX010002068.1	21.512	344	222	11	8	330	21238	22188	7.09e-04	48.9
Hyla_arborea_SWS2_SRR2157967	CAJOBX010002068.1	17.568	222	164	7	76	289	1297	1929	0.23	34.7
Hyla_arborea_SWS2_SRR2157967	CAJOBX010002068.1	57.143	14	6	0	311	324	2015	2056	0.23	25.4
Hyla_arborea_SWS2_SRR2157967	CAJOBX010034446.1	23.649	296	187	10	45	324	10855218	10854400	2.05e-05	53.9
Hyla_arborea_SWS2_SRR2157967	CAJOBX010034446.1	23.889	180	122	5	61	235	3461011	3460502	0.002	47.8
Hyla_arborea_SWS2_SRR2157967	CAJOBX010034446.1	25.989	177	111	6	35	195	7899905	7900423	0.018	44.7
Hyla_arborea_SWS2_SRR2157967	CAJOBX010056740.1	20.333	300	216	9	54	341	5804	4938	2.10e-05	53.9
Hyla_arborea_SWS2_SRR2157967	CAJOBX010071937.1	23.810	105	61	1	240	325	7786201	7786515	2.11e-05	53.9
Hyla_arborea_SWS2_SRR2157967	CAJOBX010071937.1	25.225	111	79	1	158	264	7775205	7775537	7.34e-05	52.4
Hyla_arborea_SWS2_SRR2157967	CAJOBX010005120.1	28.148	135	88	4	214	342	55730	55335	2.26e-05	53.9
Hyla_arborea_SWS2_SRR2157967	CAJOBX010014749.1	23.158	285	198	6	55	330	9335	8517	3.13e-05	53.5
Hyla_arborea_SWS2_SRR2157967	CAJOBX010013911.1	21.843	293	185	8	56	317	42518	41679	3.42e-05	53.1
Hyla_arborea_SWS2_SRR2157967	CAJOBX010024958.1	21.811	243	179	7	39	277	237520	238227	3.77e-05	53.1
Hyla_arborea_SWS2_SRR2157967	CAJOBX010024958.1	23.009	226	163	6	55	277	79128	79781	0.11	42.0
Hyla_arborea_SWS2_SRR2157967	CAJOBX010071271.1	23.200	250	178	7	85	324	7754971	7754234	3.81e-05	53.1
Hyla_arborea_SWS2_SRR2157967	CAJOBX010071271.1	23.843	281	184	7	58	324	382868	383662	4.83e-05	52.8
Hyla_arborea_SWS2_SRR2157967	CAJOBX010071271.1	21.429	252	180	7	85	324	7768345	7767608	0.072	42.7
Hyla_arborea_SWS2_SRR2157967	CAJOBX010037779.1	24.573	293	198	9	60	342	9303314	9304153	3.81e-05	53.1
Hyla_arborea_SWS2_SRR2157967	CAJOBX010019169.1	21.654	254	176	9	85	324	267244	267978	4.05e-05	53.1
Hyla_arborea_SWS2_SRR2157967	CAJOBX010068890.1	24.159	327	193	9	64	337	9362700	9361726	4.16e-05	53.1
Hyla_arborea_SWS2_SRR2157967	CAJOBX010011447.1	24.370	357	215	15	13	331	3030483	3029464	4.46e-05	52.8
Hyla_arborea_SWS2_SRR2157967	CAJOBX010070762.1	24.159	327	193	9	64	337	125975	125001	4.49e-05	52.8
Hyla_arborea_SWS2_SRR2157967	CAJOBX010011112.1	21.359	309	189	12	44	315	18359742	18358867	4.74e-05	52.8
Hyla_arborea_SWS2_SRR2157967	CAJOBX010011112.1	22.333	300	177	12	55	334	24690129	24689338	2.9	37.4
Hyla_arborea_SWS2_SRR2157967	CAJOBX010056002.1	21.306	291	201	8	52	330	561016	561840	4.91e-05	52.8
Hyla_arborea_SWS2_SRR2157967	CAJOBX010040102.1	27.737	137	95	3	47	179	144608	144198	5.35e-05	52.8
Hyla_arborea_SWS2_SRR2157967	CAJOBX010000447.1	22.302	278	195	9	58	323	3475188	3474382	5.36e-05	52.8
Hyla_arborea_SWS2_SRR2157967	CAJOBX010000447.1	22.878	271	191	8	64	323	4181527	4182318	0.015	44.7
Hyla_arborea_SWS2_SRR2157967	CAJOBX010000447.1	25.108	231	156	8	104	324	3841176	3841847	0.037	43.5
Hyla_arborea_SWS2_SRR2157967	CAJOBX010066667.1	23.552	259	179	9	74	324	26555577	26556320	5.36e-05	52.8
Hyla_arborea_SWS2_SRR2157967	CAJOBX010005969.1	22.884	319	182	12	56	328	358215	359117	5.79e-05	52.4
Hyla_arborea_SWS2_SRR2157967	CAJOBX010043561.1	29.231	65	46	0	260	324	11812	11618	5.91e-05	52.4
Hyla_arborea_SWS2_SRR2157967	CAJOBX010009711.1	21.212	297	189	11	68	330	14972	15829	6.49e-05	52.4
Hyla_arborea_SWS2_SRR2157967	CAJOBX010001344.1	21.387	346	236	9	9	334	63920	64909	6.69e-05	52.4
Hyla_arborea_SWS2_SRR2157967	CAJOBX010070555.1	21.071	280	192	8	82	342	78984	78175	7.71e-05	52.0
Hyla_arborea_SWS2_SRR2157967	CAJOBX010004446.1	23.343	347	205	14	23	323	23698275	23699270	7.73e-05	52.0
Hyla_arborea_SWS2_SRR2157967	CAJOBX010004446.1	21.965	173	120	5	22	183	13948823	13949329	0.001	37.4
Hyla_arborea_SWS2_SRR2157967	CAJOBX010004446.1	20.606	165	98	5	193	330	13949362	13949838	0.001	30.0
Hyla_arborea_SWS2_SRR2157967	CAJOBX010024780.1	21.277	282	201	7	52	324	1415111	1414302	7.94e-05	52.0
Hyla_arborea_SWS2_SRR2157967	CAJOBX010024780.1	23.077	221	151	7	118	330	788238	788867	0.005	46.6
Hyla_arborea_SWS2_SRR2157967	CAJOBX010024780.1	20.736	299	204	9	43	326	1346579	1345737	0.36	40.4
Hyla_arborea_SWS2_SRR2157967	CAJOBX010024780.1	20.982	224	152	7	118	330	1395584	1394955	0.85	39.3
Hyla_arborea_SWS2_SRR2157967	CAJOBX010024780.1	19.417	309	202	9	51	335	585890	585033	7.5	36.2
Hyla_arborea_SWS2_SRR2157967	CAJOBX010024780.1	25.564	133	89	5	137	259	1028109	1027711	7.6	36.2
Hyla_arborea_SWS2_SRR2157967	CAJOBX010010779.1	28.289	152	94	6	49	191	2591701	2592138	8.36e-05	52.0
Hyla_arborea_SWS2_SRR2157967	CAJOBX010015780.1	22.826	276	189	11	64	333	482432	483205	9.21e-05	52.0
Hyla_arborea_SWS2_SRR2157967	CAJOBX010015557.1	24.375	160	110	4	48	199	19641650	19641180	9.37e-05	52.0
Hyla_arborea_SWS2_SRR2157967	CAJOBX010015557.1	21.622	222	151	6	118	330	14729434	14728811	0.67	39.7
Hyla_arborea_SWS2_SRR2157967	CAJOBX010028702.1	24.870	193	118	5	156	330	147022	146471	1.02e-04	51.6
Hyla_arborea_SWS2_SRR2157967	CAJOBX010073048.1	33.051	118	72	4	217	329	5842411	5842064	1.32e-04	51.6
Hyla_arborea_SWS2_SRR2157967	CAJOBX010073048.1	21.961	255	177	9	87	329	2100262	2100996	0.009	45.4
Hyla_arborea_SWS2_SRR2157967	CAJOBX010073048.1	22.509	271	179	9	79	335	942655	943416	7.3	36.2
Hyla_arborea_SWS2_SRR2157967	CAJOBX010001670.1	24.910	277	184	9	55	320	281919	282710	1.34e-04	51.2
Hyla_arborea_SWS2_SRR2157967	CAJOBX010001670.1	21.831	284	193	9	59	328	298532	299338	0.084	42.4
Hyla_arborea_SWS2_SRR2157967	CAJOBX010064223.1	22.781	338	189	15	33	330	70367	71284	1.35e-04	51.2
Hyla_arborea_SWS2_SRR2157967	CAJOBX010036668.1	22.295	305	192	14	66	342	5362687	5361824	1.69e-04	51.2
Hyla_arborea_SWS2_SRR2157967	CAJOBX010036668.1	20.096	209	120	6	160	331	10155374	10155970	0.009	45.4
Hyla_arborea_SWS2_SRR2157967	CAJOBX010055390.1	22.222	315	209	12	26	324	80362	81246	1.81e-04	50.8
Hyla_arborea_SWS2_SRR2157967	CAJOBX010055390.1	21.667	240	165	8	58	293	42358	43020	0.34	40.4
Hyla_arborea_SWS2_SRR2157967	CAJOBX010000001.1	23.364	214	136	8	82	277	48693990	48693379	1.95e-04	50.8
Hyla_arborea_SWS2_SRR2157967	CAJOBX010000001.1	21.362	323	228	9	23	334	48893005	48892082	0.009	45.4
Hyla_arborea_SWS2_SRR2157967	CAJOBX010000001.1	19.856	277	199	7	64	330	49264515	49265306	0.073	42.7
Hyla_arborea_SWS2_SRR2157967	CAJOBX010000001.1	22.277	202	137	5	137	330	49237088	49237657	0.25	40.8
Hyla_arborea_SWS2_SRR2157967	CAJOBX010000001.1	18.705	278	203	5	64	331	49300053	49300847	0.59	39.7
Hyla_arborea_SWS2_SRR2157967	CAJOBX010025557.1	22.667	300	192	11	43	324	7331329	7332162	2.11e-04	50.8
Hyla_arborea_SWS2_SRR2157967	CAJOBX010040002.1	22.846	267	173	6	78	317	360206	360988	2.12e-04	50.8
Hyla_arborea_SWS2_SRR2157967	CAJOBX010033799.1	22.754	167	126	2	20	183	3372	3872	2.21e-04	50.8
Hyla_arborea_SWS2_SRR2157967	CAJOBX010004300.1	21.790	257	163	8	51	277	42178	42924	2.30e-04	50.8
Hyla_arborea_SWS2_SRR2157967	CAJOBX010001113.1	20.675	237	125	7	144	332	3500119	3500784	2.51e-04	50.4
Hyla_arborea_SWS2_SRR2157967	CAJOBX010052179.1	26.471	68	50	0	261	328	89547	89750	2.52e-04	50.4
Hyla_arborea_SWS2_SRR2157967	CAJOBX010023935.1	21.930	228	134	8	144	332	13624	14292	2.55e-04	50.4
Hyla_arborea_SWS2_SRR2157967	CAJOBX010071319.1	24.841	157	87	6	198	342	40755	40342	2.59e-04	50.4
Hyla_arborea_SWS2_SRR2157967	CAJOBX010070937.1	22.333	300	205	9	45	330	6623513	6622656	2.67e-04	50.4
Hyla_arborea_SWS2_SRR2157967	CAJOBX010070937.1	22.330	309	199	10	52	341	2087027	2086167	0.006	46.2
Hyla_arborea_SWS2_SRR2157967	CAJOBX010070937.1	22.581	310	197	12	52	341	2100386	2099526	0.049	43.1
Hyla_arborea_SWS2_SRR2157967	CAJOBX010070937.1	20.640	344	213	16	12	329	2148637	2149566	2.7	37.7
Hyla_arborea_SWS2_SRR2157967	CAJOBX010054086.1	23.348	227	152	6	58	277	2983	2348	2.96e-04	50.1
Hyla_arborea_SWS2_SRR2157967	CAJOBX010070331.1	26.667	120	81	3	216	331	81998	82348	3.83e-04	50.1
Hyla_arborea_SWS2_SRR2157967	CAJOBX010001894.1	19.106	246	129	6	142	332	68828	68136	4.32e-04	49.7
Hyla_arborea_SWS2_SRR2157967	CAJOBX010044334.1	20.847	307	196	9	73	336	750714	751622	6.25e-04	49.3
Hyla_arborea_SWS2_SRR2157967	CAJOBX010004558.1	22.581	341	215	14	10	329	658163	659101	6.25e-04	49.3
Hyla_arborea_SWS2_SRR2157967	CAJOBX010004558.1	24.069	349	194	18	22	335	398014	398952	0.010	45.4
Hyla_arborea_SWS2_SRR2157967	CAJOBX010004558.1	22.456	285	177	10	64	329	493772	494551	0.27	40.8
Hyla_arborea_SWS2_SRR2157967	CAJOBX010004558.1	24.832	298	188	11	46	330	463376	464200	0.55	39.7
Hyla_arborea_SWS2_SRR2157967	CAJOBX010004558.1	21.160	293	197	9	52	329	625014	624193	1.5	38.5
Hyla_arborea_SWS2_SRR2157967	CAJOBX010004558.1	23.324	343	194	15	19	330	9328	10242	1.7	38.1
Hyla_arborea_SWS2_SRR2157967	CAJOBX010006669.1	23.843	281	168	13	88	332	1997485	1996673	6.59e-04	49.3
Hyla_arborea_SWS2_SRR2157967	CAJOBX010058391.1	23.810	189	122	6	53	235	46558	47076	6.63e-04	49.3
Hyla_arborea_SWS2_SRR2157967	CAJOBX010058391.1	24.468	94	66	1	244	332	47371	47652	0.93	39.3
Hyla_arborea_SWS2_SRR2157967	CAJOBX010043334.1	22.689	238	166	6	46	277	592453	591776	7.31e-04	48.9
Hyla_arborea_SWS2_SRR2157967	CAJOBX010043334.1	21.528	288	192	11	76	341	2376293	2377120	0.006	46.2
Hyla_arborea_SWS2_SRR2157967	CAJOBX010043334.1	21.236	259	179	7	85	328	2486675	2487421	8.3	36.2
Hyla_arborea_SWS2_SRR2157967	CAJOBX010066124.1	24.251	334	169	17	46	324	107641	108555	7.61e-04	48.9
Hyla_arborea_SWS2_SRR2157967	CAJOBX010021446.1	23.759	282	158	14	76	330	1013582	1014337	8.11e-04	48.9
Hyla_arborea_SWS2_SRR2157967	CAJOBX010021446.1	24.390	246	139	11	117	342	976080	976736	0.001	48.1
Hyla_arborea_SWS2_SRR2157967	CAJOBX010021446.1	23.810	294	160	13	76	342	988504	989274	0.012	45.1
Hyla_arborea_SWS2_SRR2157967	CAJOBX010021446.1	25.347	288	157	14	76	336	1027571	1028341	0.025	44.3
Hyla_arborea_SWS2_SRR2157967	CAJOBX010021446.1	23.129	294	167	13	64	329	26565	25777	0.035	43.5
Hyla_arborea_SWS2_SRR2157967	CAJOBX010021446.1	19.113	293	207	7	52	328	447610	446774	0.28	40.8
Hyla_arborea_SWS2_SRR2157967	CAJOBX010021446.1	22.581	279	163	12	76	329	1019483	1020235	0.37	40.4
Hyla_arborea_SWS2_SRR2157967	CAJOBX010021446.1	24.571	175	98	7	98	257	42579	42112	0.66	39.7
Hyla_arborea_SWS2_SRR2157967	CAJOBX010021446.1	18.209	335	227	10	19	332	930354	929428	2.2	37.7
Hyla_arborea_SWS2_SRR2157967	CAJOBX010021446.1	21.221	344	210	12	7	324	557709	556783	4.5	37.0
Hyla_arborea_SWS2_SRR2157967	CAJOBX010021446.1	22.951	244	146	10	117	339	62362	61694	5.7	36.6
Hyla_arborea_SWS2_SRR2157967	CAJOBX010021446.1	30.702	114	63	5	76	182	870623	870937	9.8	35.8
Hyla_arborea_SWS2_SRR2157967	CAJOBX010031112.1	23.276	232	147	7	120	330	3596227	3596892	8.26e-04	48.9
Hyla_arborea_SWS2_SRR2157967	CAJOBX010031112.1	22.183	284	192	11	52	321	26657	27463	0.12	42.0
Hyla_arborea_SWS2_SRR2157967	CAJOBX010031112.1	20.346	231	145	7	118	330	14675203	14675832	0.58	39.7
Hyla_arborea_SWS2_SRR2157967	CAJOBX010028890.1	24.878	205	141	5	52	255	14537111	14537689	0.001	48.5
Hyla_arborea_SWS2_SRR2157967	CAJOBX010034625.1	22.845	232	157	9	119	342	76828	76175	0.001	48.5
Hyla_arborea_SWS2_SRR2157967	CAJOBX010034625.1	24.545	110	74	1	221	330	212966	212664	0.001	48.5
Hyla_arborea_SWS2_SRR2157967	CAJOBX010034625.1	23.432	303	190	13	40	324	148106	147270	0.003	47.0
Hyla_arborea_SWS2_SRR2157967	CAJOBX010034625.1	21.569	255	162	9	86	324	165689	164991	0.14	41.6
Hyla_arborea_SWS2_SRR2157967	CAJOBX010034625.1	24.752	101	59	4	221	318	87274	87014	0.53	40.0
Hyla_arborea_SWS2_SRR2157967	CAJOBX010027891.1	24.074	216	141	6	118	323	1068311	1067703	0.001	48.5
Hyla_arborea_SWS2_SRR2157967	CAJOBX010027891.1	25.000	232	143	10	118	335	992176	992820	0.008	45.8
Hyla_arborea_SWS2_SRR2157967	CAJOBX010027891.1	19.283	223	157	6	118	330	1099772	1100401	1.2	38.9
Hyla_arborea_SWS2_SRR2157967	CAJOBX010027891.1	21.886	297	206	9	52	337	293150	293995	3.1	37.4
Hyla_arborea_SWS2_SRR2157967	CAJOBX010018478.1	25.000	164	105	6	44	191	25222	24737	0.001	48.5
Hyla_arborea_SWS2_SRR2157967	CAJOBX010009832.1	27.068	133	89	5	130	260	4261	4641	0.001	48.5
Hyla_arborea_SWS2_SRR2157967	CAJOBX010009832.1	28.750	80	54	1	245	321	17832	18071	0.35	40.4
Hyla_arborea_SWS2_SRR2157967	CAJOBX010005492.1	26.383	235	154	7	114	331	37300	37998	0.001	48.5
Hyla_arborea_SWS2_SRR2157967	CAJOBX010019252.1	25.862	116	81	1	57	172	15824	15492	0.001	48.5
Hyla_arborea_SWS2_SRR2157967	CAJOBX010024090.1	23.200	125	95	1	58	181	1645	1271	0.001	48.5
Hyla_arborea_SWS2_SRR2157967	CAJOBX010070507.1	32.927	82	55	0	49	130	37551	37796	0.001	48.1
Hyla_arborea_SWS2_SRR2157967	CAJOBX010053668.1	21.603	287	186	6	58	324	416858	416055	0.001	48.1
Hyla_arborea_SWS2_SRR2157967	CAJOBX010020446.1	20.690	290	210	5	43	324	1342978	1342145	0.001	48.1
Hyla_arborea_SWS2_SRR2157967	CAJOBX010020446.1	20.175	228	149	5	117	329	1694177	1694806	0.003	47.0
Hyla_arborea_SWS2_SRR2157967	CAJOBX010020446.1	20.930	215	145	6	118	321	1244290	1243688	0.005	46.2
Hyla_arborea_SWS2_SRR2157967	CAJOBX010020446.1	22.394	259	178	8	76	324	1421105	1420368	0.013	45.1
Hyla_arborea_SWS2_SRR2157967	CAJOBX010020446.1	18.142	226	142	6	118	323	1167775	1167167	7.1	36.2
Hyla_arborea_SWS2_SRR2157967	CAJOBX010041236.1	24.194	186	131	4	64	248	69402	68872	0.001	48.1
Hyla_arborea_SWS2_SRR2157967	CAJOBX010006002.1	22.826	276	197	6	64	338	1499126	1498344	0.002	47.8
Hyla_arborea_SWS2_SRR2157967	CAJOBX010006002.1	21.101	327	216	14	22	329	223101	222190	6.5	36.2
Hyla_arborea_SWS2_SRR2157967	CAJOBX010013335.1	22.222	279	194	10	25	299	1926432	1925653	0.002	47.8
Hyla_arborea_SWS2_SRR2157967	CAJOBX010013335.1	29.630	108	73	2	47	151	18229580	18229257	0.17	41.6
Hyla_arborea_SWS2_SRR2157967	CAJOBX010022447.1	20.395	304	204	11	45	324	858351	859220	0.002	47.8
Hyla_arborea_SWS2_SRR2157967	CAJOBX010022447.1	20.763	236	151	8	115	328	823616	822951	0.075	42.7
Hyla_arborea_SWS2_SRR2157967	CAJOBX010022447.1	22.174	230	150	8	115	328	437467	438117	1.3	38.5
Hyla_arborea_SWS2_SRR2157967	CAJOBX010072679.1	18.491	265	173	7	73	307	80493	79738	0.002	47.8
Hyla_arborea_SWS2_SRR2157967	CAJOBX010024113.1	30.556	72	49	1	116	186	311470	311255	0.002	47.8
Hyla_arborea_SWS2_SRR2157967	CAJOBX010024113.1	34.884	43	28	0	296	338	309412	309284	3.6	37.4
Hyla_arborea_SWS2_SRR2157967	CAJOBX010038813.1	21.053	285	186	8	64	330	57820	58611	0.002	47.8
Hyla_arborea_SWS2_SRR2157967	CAJOBX010009981.1	32.203	118	68	5	212	323	36407	36072	0.002	47.4
Hyla_arborea_SWS2_SRR2157967	CAJOBX010041668.1	21.495	107	82	1	46	152	160862	160548	0.003	38.5
Hyla_arborea_SWS2_SRR2157967	CAJOBX010041668.1	24.427	131	85	5	151	277	160557	160195	0.003	28.1
Hyla_arborea_SWS2_SRR2157967	CAJOBX010070948.1	21.071	280	204	7	68	340	32607	33416	0.003	47.4
Hyla_arborea_SWS2_SRR2157967	CAJOBX010004780.1	22.034	236	153	9	18	235	2707260	2706592	0.003	47.4
Hyla_arborea_SWS2_SRR2157967	CAJOBX010001369.1	22.455	334	228	13	21	341	9409	10356	0.003	47.0
Hyla_arborea_SWS2_SRR2157967	CAJOBX010027779.1	26.872	227	140	8	44	262	2896513	2895887	0.003	47.0
Hyla_arborea_SWS2_SRR2157967	CAJOBX010027779.1	27.619	105	64	2	52	144	3724492	3724178	0.19	41.2
Hyla_arborea_SWS2_SRR2157967	CAJOBX010007480.1	25.123	203	124	8	148	330	372259	371675	0.003	47.0
Hyla_arborea_SWS2_SRR2157967	CAJOBX010015825.1	23.370	184	122	7	173	340	156058	155516	0.003	47.0
Hyla_arborea_SWS2_SRR2157967	CAJOBX010005113.1	25.000	156	93	5	196	335	1633088	1633531	0.003	47.0
Hyla_arborea_SWS2_SRR2157967	CAJOBX010072100.1	32.955	88	44	2	245	323	41778	41533	0.004	46.6
Hyla_arborea_SWS2_SRR2157967	CAJOBX010072084.1	19.780	182	133	4	57	235	62044	61529	0.004	46.6
Hyla_arborea_SWS2_SRR2157967	CAJOBX010019335.1	22.337	291	183	12	66	329	983430	982606	0.004	46.6
Hyla_arborea_SWS2_SRR2157967	CAJOBX010017140.1	20.455	220	169	2	59	277	29322	28678	0.005	46.6
Hyla_arborea_SWS2_SRR2157967	CAJOBX010070294.1	22.727	330	183	12	54	330	482971	482039	0.005	46.6
Hyla_arborea_SWS2_SRR2157967	CAJOBX010070294.1	24.224	161	114	4	23	182	465550	465089	1.4	38.5
Hyla_arborea_SWS2_SRR2157967	CAJOBX010070294.1	22.840	162	117	4	22	182	497961	497497	3.7	37.4
Hyla_arborea_SWS2_SRR2157967	CAJOBX010018592.1	23.214	224	163	6	105	323	4831	5490	0.005	46.2
Hyla_arborea_SWS2_SRR2157967	CAJOBX010003966.1	36.066	61	39	0	261	321	53648	53830	0.005	46.2
Hyla_arborea_SWS2_SRR2157967	CAJOBX010072583.1	21.138	246	157	8	113	341	25236	25913	0.005	46.2
Hyla_arborea_SWS2_SRR2157967	CAJOBX010060001.1	20.749	347	196	10	49	336	4041507	4042487	0.006	46.2
Hyla_arborea_SWS2_SRR2157967	CAJOBX010017781.1	19.681	188	126	4	118	285	81386	80838	0.006	46.2
Hyla_arborea_SWS2_SRR2157967	CAJOBX010008300.1	22.006	309	209	10	47	334	59193	60086	0.006	46.2
Hyla_arborea_SWS2_SRR2157967	CAJOBX010003335.1	21.856	334	205	13	50	332	7319016	7320002	0.006	46.2
Hyla_arborea_SWS2_SRR2157967	CAJOBX010003335.1	23.153	203	141	4	55	255	4323820	4324389	0.040	43.5
Hyla_arborea_SWS2_SRR2157967	CAJOBX010003335.1	32.530	83	51	2	245	323	22476072	22475827	0.059	43.1
Hyla_arborea_SWS2_SRR2157967	CAJOBX010004828.1	19.149	235	173	6	118	341	71943	72629	0.007	45.8
Hyla_arborea_SWS2_SRR2157967	CAJOBX010040558.1	24.390	164	121	3	12	173	58028	58516	0.008	45.8
Hyla_arborea_SWS2_SRR2157967	CAJOBX010022157.1	22.000	300	192	12	64	342	173046	172210	0.008	45.8
Hyla_arborea_SWS2_SRR2157967	CAJOBX010022157.1	20.205	292	209	5	52	330	146535	145693	4.5	37.0
Hyla_arborea_SWS2_SRR2157967	CAJOBX010016668.1	25.984	127	85	1	111	237	8189227	8189580	0.010	45.4
Hyla_arborea_SWS2_SRR2157967	CAJOBX010018891.1	21.901	242	152	7	105	330	253277	253939	0.010	45.4
Hyla_arborea_SWS2_SRR2157967	CAJOBX010018891.1	23.005	213	136	5	137	335	456198	456794	0.039	43.5
Hyla_arborea_SWS2_SRR2157967	CAJOBX010018891.1	21.613	310	208	9	35	329	378611	377742	3.8	37.0
Hyla_arborea_SWS2_SRR2157967	CAJOBX010023558.1	23.453	307	207	12	48	341	452438	451563	0.011	45.4
Hyla_arborea_SWS2_SRR2157967	CAJOBX010000836.1	20.664	271	184	5	65	323	432897	432142	0.012	45.1
Hyla_arborea_SWS2_SRR2157967	CAJOBX010005491.1	30.488	82	51	2	260	337	446600	446839	0.012	45.1
Hyla_arborea_SWS2_SRR2157967	CAJOBX010005491.1	28.947	114	77	2	195	305	445394	445732	0.70	39.7
Hyla_arborea_SWS2_SRR2157967	CAJOBX010009637.1	22.884	319	182	13	64	334	24568	25476	0.013	45.1
Hyla_arborea_SWS2_SRR2157967	CAJOBX010062223.1	25.143	175	114	5	82	250	2990032	2990523	0.014	45.1
Hyla_arborea_SWS2_SRR2157967	CAJOBX010062223.1	24.812	133	95	2	214	342	3934981	3934586	0.015	45.1
Hyla_arborea_SWS2_SRR2157967	CAJOBX010073049.1	24.561	228	134	9	118	329	248428	247811	0.016	44.7
Hyla_arborea_SWS2_SRR2157967	CAJOBX010073049.1	22.124	226	142	7	118	329	269836	269219	0.021	44.3
Hyla_arborea_SWS2_SRR2157967	CAJOBX010073049.1	21.834	229	139	7	118	329	159026	158409	0.034	43.9
Hyla_arborea_SWS2_SRR2157967	CAJOBX010073049.1	21.397	229	142	7	118	330	187199	186579	0.049	43.1
Hyla_arborea_SWS2_SRR2157967	CAJOBX010073049.1	20.628	223	153	6	118	331	23236	22613	1.6	38.5
Hyla_arborea_SWS2_SRR2157967	CAJOBX010073049.1	24.017	229	134	10	118	329	139744	139127	1.7	38.1
Hyla_arborea_SWS2_SRR2157967	CAJOBX010073049.1	22.535	284	178	10	64	329	330496	329717	3.6	37.4
Hyla_arborea_SWS2_SRR2157967	CAJOBX010073049.1	21.145	227	145	7	118	330	229497	228877	5.4	36.6
Hyla_arborea_SWS2_SRR2157967	CAJOBX010073049.1	23.789	227	137	9	118	329	36874	36257	9.8	35.8
Hyla_arborea_SWS2_SRR2157967	CAJOBX010068247.1	21.192	302	185	8	54	330	64507	63686	0.017	44.7
Hyla_arborea_SWS2_SRR2157967	CAJOBX010031185.1	19.847	262	171	7	54	285	19204	18446	0.019	44.7
Hyla_arborea_SWS2_SRR2157967	CAJOBX010060458.1	20.065	309	177	8	84	342	70763	69897	0.020	44.3
Hyla_arborea_SWS2_SRR2157967	CAJOBX010056335.1	20.588	136	107	1	45	179	363406	362999	0.024	44.3
Hyla_arborea_SWS2_SRR2157967	CAJOBX010002413.1	27.407	135	88	5	214	341	22010	21615	0.026	44.3
Hyla_arborea_SWS2_SRR2157967	CAJOBX010008616.1	21.708	281	196	8	66	335	20393	19590	0.026	44.3
Hyla_arborea_SWS2_SRR2157967	CAJOBX010015994.1	20.513	234	162	5	58	276	8131	8805	0.026	43.9
Hyla_arborea_SWS2_SRR2157967	CAJOBX010003910.1	30.612	98	62	1	39	130	36151	36444	0.028	43.9
Hyla_arborea_SWS2_SRR2157967	CAJOBX010010113.1	20.795	327	217	10	22	329	2858029	2858940	0.029	43.9
Hyla_arborea_SWS2_SRR2157967	CAJOBX010002101.1	21.762	193	138	5	68	257	73231	72683	0.030	43.9
Hyla_arborea_SWS2_SRR2157967	CAJOBX010012703.1	30.882	68	47	0	261	328	172510	172713	0.030	43.9
Hyla_arborea_SWS2_SRR2157967	CAJOBX010020613.1	22.867	293	199	9	56	340	316108	316929	0.031	43.9
Hyla_arborea_SWS2_SRR2157967	CAJOBX010010465.1	19.377	289	198	9	58	330	22195	23004	0.031	43.9
Hyla_arborea_SWS2_SRR2157967	CAJOBX010059446.1	21.329	286	187	8	64	331	672177	672974	0.031	43.9
Hyla_arborea_SWS2_SRR2157967	CAJOBX010029263.1	20.333	300	221	8	41	332	14904	15773	0.033	43.9
Hyla_arborea_SWS2_SRR2157967	CAJOBX010058446.1	22.222	306	190	12	47	330	299348	300187	0.035	43.5
Hyla_arborea_SWS2_SRR2157967	CAJOBX010058446.1	22.186	311	184	11	47	330	324339	325178	1.1	38.9
Hyla_arborea_SWS2_SRR2157967	CAJOBX010029802.1	21.203	316	189	13	64	334	229222	228320	0.036	43.5
Hyla_arborea_SWS2_SRR2157967	CAJOBX010002781.1	23.457	243	149	9	105	329	118302	117631	0.037	43.5
Hyla_arborea_SWS2_SRR2157967	CAJOBX010021970.1	24.000	325	214	12	41	340	9832	10782	0.039	43.5
Hyla_arborea_SWS2_SRR2157967	CAJOBX010022224.1	19.192	198	129	3	119	285	6231899	6231306	0.042	43.5
Hyla_arborea_SWS2_SRR2157967	CAJOBX010049114.1	23.832	214	136	7	45	254	160621	161193	0.048	43.1
Hyla_arborea_SWS2_SRR2157967	CAJOBX010049114.1	26.667	120	63	6	222	330	161365	161682	8.5	36.2
Hyla_arborea_SWS2_SRR2157967	CAJOBX010021513.1	23.196	194	138	6	49	236	84824	84258	0.049	43.1
Hyla_arborea_SWS2_SRR2157967	CAJOBX010033447.1	24.627	134	97	2	45	177	816562	816954	0.056	43.1
Hyla_arborea_SWS2_SRR2157967	CAJOBX010003558.1	25.893	112	80	2	226	336	3234046	3234375	0.056	43.1
Hyla_arborea_SWS2_SRR2157967	CAJOBX010072715.1	23.316	193	134	6	145	332	4545023	4544472	0.060	43.1
Hyla_arborea_SWS2_SRR2157967	CAJOBX010072715.1	24.576	118	74	3	43	158	4546065	4545751	0.26	40.8
Hyla_arborea_SWS2_SRR2157967	CAJOBX010020496.1	26.506	166	104	8	22	178	15886	16356	0.065	42.7
Hyla_arborea_SWS2_SRR2157967	CAJOBX010017779.1	27.027	148	95	6	197	341	15204355	15203942	0.070	42.7
Hyla_arborea_SWS2_SRR2157967	CAJOBX010017779.1	28.182	110	73	3	73	179	15208254	15207934	0.46	40.0
Hyla_arborea_SWS2_SRR2157967	CAJOBX010017779.1	23.183	289	170	16	64	332	16310090	16309320	1.8	38.1
Hyla_arborea_SWS2_SRR2157967	CAJOBX010002714.1	22.414	174	125	4	163	329	492412	492924	0.073	42.7
Hyla_arborea_SWS2_SRR2157967	CAJOBX010072638.1	36.508	63	38	1	168	230	582398	582216	0.080	42.4
Hyla_arborea_SWS2_SRR2157967	CAJOBX010008890.1	22.798	193	137	7	68	257	6965996	6966547	0.082	42.4
Hyla_arborea_SWS2_SRR2157967	CAJOBX010008890.1	23.762	101	66	2	241	330	6966637	6966939	2.6	37.7
Hyla_arborea_SWS2_SRR2157967	CAJOBX010071527.1	28.030	132	91	3	53	182	64242	64631	0.098	42.4
Hyla_arborea_SWS2_SRR2157967	CAJOBX010050973.1	22.846	267	172	11	68	315	5539	4784	0.10	42.0
Hyla_arborea_SWS2_SRR2157967	CAJOBX010014446.1	23.567	157	106	4	193	342	1337124	1336675	0.10	42.0
Hyla_arborea_SWS2_SRR2157967	CAJOBX010030557.1	20.779	231	158	7	19	239	471175	471822	0.11	42.0
Hyla_arborea_SWS2_SRR2157967	CAJOBX010042223.1	22.269	238	147	7	107	332	525853	525218	0.12	42.0
Hyla_arborea_SWS2_SRR2157967	CAJOBX010042223.1	22.078	231	141	9	118	329	290725	291357	0.45	40.0
Hyla_arborea_SWS2_SRR2157967	CAJOBX010042223.1	30.189	106	66	5	57	158	2359548	2359853	0.47	40.0
Hyla_arborea_SWS2_SRR2157967	CAJOBX010023047.1	21.809	376	223	18	14	334	133458	132379	0.12	42.0
Hyla_arborea_SWS2_SRR2157967	CAJOBX010047335.1	21.898	274	175	11	74	329	583193	582435	0.12	42.0
Hyla_arborea_SWS2_SRR2157967	CAJOBX010053024.1	22.180	266	184	11	76	336	79682	80425	0.14	41.6
Hyla_arborea_SWS2_SRR2157967	CAJOBX010000003.1	18.530	313	209	10	38	330	1664672	1665532	0.15	41.6
Hyla_arborea_SWS2_SRR2157967	CAJOBX010061113.1	20.779	231	144	7	118	330	57822	58451	0.16	41.6
Hyla_arborea_SWS2_SRR2157967	CAJOBX010002941.1	21.739	207	140	8	79	277	77415	77993	0.16	41.6
Hyla_arborea_SWS2_SRR2157967	CAJOBX010003290.1	20.438	274	186	10	64	323	78114	77347	0.18	41.6
Hyla_arborea_SWS2_SRR2157967	CAJOBX010003290.1	20.073	274	187	11	64	323	44765	43998	8.7	35.8
Hyla_arborea_SWS2_SRR2157967	CAJOBX010072343.1	19.512	328	184	9	64	330	114988	115914	0.18	41.2
Hyla_arborea_SWS2_SRR2157967	CAJOBX010059308.1	24.545	110	77	3	73	179	5841	5521	0.19	41.2
Hyla_arborea_SWS2_SRR2157967	CAJOBX010005037.1	25.610	164	96	7	34	179	75976	75509	0.19	41.2
Hyla_arborea_SWS2_SRR2157967	CAJOBX010028668.1	20.922	282	190	9	64	330	560381	561172	0.20	41.2
Hyla_arborea_SWS2_SRR2157967	CAJOBX010028668.1	21.818	330	212	14	22	330	61801	62715	0.78	39.3
Hyla_arborea_SWS2_SRR2157967	CAJOBX010028668.1	18.662	284	190	9	64	328	647037	647822	4.1	37.0
Hyla_arborea_SWS2_SRR2157967	CAJOBX010028668.1	19.014	284	189	9	64	328	459277	460062	8.5	36.2
Hyla_arborea_SWS2_SRR2157967	CAJOBX010047757.1	23.529	289	189	12	54	330	172933	172127	0.22	41.2
Hyla_arborea_SWS2_SRR2157967	CAJOBX010012224.1	25.714	175	114	6	170	330	20350955	20351473	0.24	41.2
Hyla_arborea_SWS2_SRR2157967	CAJOBX010041112.1	21.429	308	219	11	45	340	4433794	4432904	0.25	40.8
Hyla_arborea_SWS2_SRR2157967	CAJOBX010004335.1	23.188	138	97	4	64	194	4016550	4016143	0.25	40.8
Hyla_arborea_SWS2_SRR2157967	CAJOBX010004335.1	23.209	349	206	16	16	329	5549242	5548277	4.4	37.0
Hyla_arborea_SWS2_SRR2157967	CAJOBX010071867.1	24.876	201	139	7	85	277	13303	12713	0.30	40.8
Hyla_arborea_SWS2_SRR2157967	CAJOBX010016994.1	25.352	213	118	12	137	330	2709	3281	0.30	40.8
Hyla_arborea_SWS2_SRR2157967	CAJOBX010026224.1	24.464	233	137	10	119	335	1218355	1217726	0.31	40.8
Hyla_arborea_SWS2_SRR2157967	CAJOBX010026224.1	22.467	227	138	11	119	329	535640	536254	0.49	40.0
Hyla_arborea_SWS2_SRR2157967	CAJOBX010026224.1	20.307	261	167	11	88	329	549005	549721	0.90	39.3
Hyla_arborea_SWS2_SRR2157967	CAJOBX010026224.1	22.026	227	141	9	118	329	582380	582997	0.98	38.9
Hyla_arborea_SWS2_SRR2157967	CAJOBX010026224.1	21.145	227	143	9	118	329	350854	351471	1.0	38.9
Hyla_arborea_SWS2_SRR2157967	CAJOBX010026224.1	21.959	296	187	12	66	342	1273479	1274291	1.2	38.9
Hyla_arborea_SWS2_SRR2157967	CAJOBX010026224.1	23.504	234	136	10	119	334	1181480	1180854	1.7	38.1
Hyla_arborea_SWS2_SRR2157967	CAJOBX010026224.1	21.681	226	143	7	118	329	37155	37772	2.3	37.7
Hyla_arborea_SWS2_SRR2157967	CAJOBX010026224.1	20.673	208	128	10	137	329	220520	221077	5.5	36.6
Hyla_arborea_SWS2_SRR2157967	CAJOBX010026224.1	23.529	289	178	15	60	329	860618	861412	5.7	36.6
Hyla_arborea_SWS2_SRR2157967	CAJOBX010026224.1	22.907	227	137	12	119	329	452349	452963	7.2	36.2
Hyla_arborea_SWS2_SRR2157967	CAJOBX010026224.1	22.456	285	177	11	64	329	1001518	1002297	7.4	36.2
Hyla_arborea_SWS2_SRR2157967	CAJOBX010026224.1	20.796	226	143	10	119	329	288241	288855	8.2	36.2
Hyla_arborea_SWS2_SRR2157967	CAJOBX010026224.1	25.000	108	78	1	45	152	127119	127433	8.7	35.8
Hyla_arborea_SWS2_SRR2157967	CAJOBX010008891.1	26.613	124	80	3	23	144	1755499	1755155	0.31	40.8
Hyla_arborea_SWS2_SRR2157967	CAJOBX010010335.1	30.252	119	68	4	63	177	1300398	1300721	0.32	40.4
Hyla_arborea_SWS2_SRR2157967	CAJOBX010002558.1	24.444	180	106	7	38	201	1259860	1259363	0.35	40.4
Hyla_arborea_SWS2_SRR2157967	CAJOBX010037091.1	22.222	333	215	16	12	324	17400	18326	0.37	40.4
Hyla_arborea_SWS2_SRR2157967	CAJOBX010071695.1	19.469	226	148	7	136	334	131082	130426	0.42	40.0
Hyla_arborea_SWS2_SRR2157967	CAJOBX010072167.1	22.881	236	162	7	51	277	128071	127397	0.43	40.0
Hyla_arborea_SWS2_SRR2157967	CAJOBX010023439.1	20.962	291	179	12	64	330	19419	18628	0.43	40.0
Hyla_arborea_SWS2_SRR2157967	CAJOBX010000100.1	26.957	115	81	3	66	179	90115	90453	0.46	40.0
Hyla_arborea_SWS2_SRR2157967	CAJOBX010071736.1	22.707	229	141	8	118	330	48396	49022	0.46	40.0
Hyla_arborea_SWS2_SRR2157967	CAJOBX010071736.1	21.145	227	147	7	118	330	114218	114844	0.92	39.3
Hyla_arborea_SWS2_SRR2157967	CAJOBX010027335.1	19.397	232	148	7	117	330	247869	248501	0.50	40.0
Hyla_arborea_SWS2_SRR2157967	CAJOBX010027335.1	18.884	233	148	8	117	330	220301	220933	8.0	36.2
Hyla_arborea_SWS2_SRR2157967	CAJOBX010003398.1	19.868	302	208	10	52	337	73002	73853	0.53	40.0
Hyla_arborea_SWS2_SRR2157967	CAJOBX010043373.1	31.395	86	54	2	253	334	1604	1858	0.57	39.7
Hyla_arborea_SWS2_SRR2157967	CAJOBX010070382.1	23.345	287	175	11	5	275	626310	627083	0.58	39.7
Hyla_arborea_SWS2_SRR2157967	CAJOBX010070382.1	22.685	216	128	9	124	324	103451	104026	3.5	37.4
Hyla_arborea_SWS2_SRR2157967	CAJOBX010007993.1	21.769	294	198	15	55	329	40053	40895	0.64	39.7
Hyla_arborea_SWS2_SRR2157967	CAJOBX010070826.1	20.492	244	153	9	118	341	313920	313252	0.67	39.7
Hyla_arborea_SWS2_SRR2157967	CAJOBX010070826.1	25.551	227	120	11	118	321	33466	32864	0.87	39.3
Hyla_arborea_SWS2_SRR2157967	CAJOBX010070826.1	22.368	228	142	9	117	328	1314622	1313996	3.4	37.4
Hyla_arborea_SWS2_SRR2157967	CAJOBX010070826.1	19.283	223	159	6	117	330	91306	90674	4.1	37.0
Hyla_arborea_SWS2_SRR2157967	CAJOBX010070826.1	20.961	229	144	8	117	328	1674128	1673502	6.4	36.6
Hyla_arborea_SWS2_SRR2157967	CAJOBX010023337.1	23.316	193	128	6	65	253	31849	31319	0.75	39.3
Hyla_arborea_SWS2_SRR2157967	CAJOBX010001093.1	22.654	309	182	16	51	332	66753	67589	0.80	39.3
Hyla_arborea_SWS2_SRR2157967	CAJOBX010031236.1	24.113	141	89	5	56	191	84800	85183	0.83	39.3
Hyla_arborea_SWS2_SRR2157967	CAJOBX010027552.1	26.471	136	85	5	45	174	9316	8936	0.84	39.3
Hyla_arborea_SWS2_SRR2157967	CAJOBX010020158.1	18.396	212	126	5	160	334	250504	251109	0.84	39.3
Hyla_arborea_SWS2_SRR2157967	CAJOBX010006311.1	22.000	150	96	5	185	324	9830	10246	0.87	39.3
Hyla_arborea_SWS2_SRR2157967	CAJOBX010000375.1	20.264	227	148	6	117	330	88590	87970	1.1	38.9
Hyla_arborea_SWS2_SRR2157967	CAJOBX010003742.1	24.194	124	86	2	23	144	23765	24118	1.2	38.9
Hyla_arborea_SWS2_SRR2157967	CAJOBX010002225.1	23.158	285	183	14	55	324	797115	797906	1.2	38.9
Hyla_arborea_SWS2_SRR2157967	CAJOBX010072033.1	20.188	213	139	6	130	328	111205	110618	1.2	38.9
Hyla_arborea_SWS2_SRR2157967	CAJOBX010001318.1	21.959	296	166	12	64	328	93548	92763	1.2	38.9
Hyla_arborea_SWS2_SRR2157967	CAJOBX010003025.1	31.579	57	35	2	221	277	237401	237559	1.3	35.8
Hyla_arborea_SWS2_SRR2157967	CAJOBX010003025.1	36.842	19	12	0	306	324	237669	237725	1.3	21.6
Hyla_arborea_SWS2_SRR2157967	CAJOBX010063957.1	28.462	130	88	2	55	181	83476	83093	1.3	38.5
Hyla_arborea_SWS2_SRR2157967	CAJOBX010019219.1	19.661	295	198	10	64	340	14518	13697	1.3	38.5
Hyla_arborea_SWS2_SRR2157967	CAJOBX010037668.1	27.500	80	56	2	102	179	162149	162388	1.4	38.5
Hyla_arborea_SWS2_SRR2157967	CAJOBX010017002.1	21.753	308	194	11	55	337	562944	562087	1.5	38.5
Hyla_arborea_SWS2_SRR2157967	CAJOBX010071294.1	22.481	129	97	3	64	190	400792	401175	1.6	38.5
Hyla_arborea_SWS2_SRR2157967	CAJOBX010002599.1	25.287	87	58	2	254	334	52119	52376	1.6	38.5
Hyla_arborea_SWS2_SRR2157967	CAJOBX010025703.1	20.861	302	210	7	42	330	219730	218873	1.6	38.1
Hyla_arborea_SWS2_SRR2157967	CAJOBX010025703.1	21.429	280	180	10	68	329	191329	190556	7.2	36.2
Hyla_arborea_SWS2_SRR2157967	CAJOBX010071003.1	23.438	128	93	3	55	179	48297	48674	1.8	38.1
Hyla_arborea_SWS2_SRR2157967	CAJOBX010072142.1	24.176	91	64	2	254	341	5684	5418	2.1	38.1
Hyla_arborea_SWS2_SRR2157967	CAJOBX010072435.1	18.284	268	181	9	81	328	71505	70756	2.1	38.1
Hyla_arborea_SWS2_SRR2157967	CAJOBX010072522.1	19.907	216	140	7	130	330	100927	101520	2.5	37.7
Hyla_arborea_SWS2_SRR2157967	CAJOBX010034746.1	21.591	88	65	2	241	326	8087	7830	2.5	37.7
Hyla_arborea_SWS2_SRR2157967	CAJOBX010065401.1	23.333	180	108	7	167	336	142889	142410	2.5	37.7
Hyla_arborea_SWS2_SRR2157967	CAJOBX010010668.1	20.961	229	158	8	117	336	2259109	2258465	2.5	37.7
Hyla_arborea_SWS2_SRR2157967	CAJOBX010019174.1	18.705	278	197	7	64	328	15348	16133	2.7	37.7
Hyla_arborea_SWS2_SRR2157967	CAJOBX010072294.1	22.066	213	139	8	130	330	362508	361915	2.8	37.7
Hyla_arborea_SWS2_SRR2157967	CAJOBX010039003.1	27.907	86	56	3	243	323	177271	177525	3.1	37.4
Hyla_arborea_SWS2_SRR2157967	CAJOBX010000225.1	20.433	323	222	9	21	329	1979340	1978435	3.1	37.4
Hyla_arborea_SWS2_SRR2157967	CAJOBX010022223.1	21.429	224	143	7	45	263	34532944	34533531	3.3	37.4
Hyla_arborea_SWS2_SRR2157967	CAJOBX010022223.1	23.913	92	66	1	245	332	34533685	34533960	3.5	37.4
Hyla_arborea_SWS2_SRR2157967	CAJOBX010048302.1	21.983	232	146	7	114	328	133161	132520	3.4	37.4
Hyla_arborea_SWS2_SRR2157967	CAJOBX010014212.1	26.667	120	74	5	65	178	39794	40129	3.6	37.4
Hyla_arborea_SWS2_SRR2157967	CAJOBX010023057.1	20.486	288	166	12	64	321	24127	24891	4.3	37.0
Hyla_arborea_SWS2_SRR2157967	CAJOBX010054445.1	22.714	339	211	15	26	330	4097460	4098425	4.9	37.0
Hyla_arborea_SWS2_SRR2157967	CAJOBX010049447.1	20.079	254	186	7	85	328	184427	183687	4.9	37.0
Hyla_arborea_SWS2_SRR2157967	CAJOBX010023273.1	17.489	223	163	5	118	331	4172	3540	5.0	36.6
Hyla_arborea_SWS2_SRR2157967	CAJOBX010053334.1	20.641	281	194	9	64	330	10488989	10488192	5.4	36.6
Hyla_arborea_SWS2_SRR2157967	CAJOBX010013113.1	21.799	289	197	10	52	324	157256	158083	5.5	36.6
Hyla_arborea_SWS2_SRR2157967	CAJOBX010003258.1	20.199	302	192	10	52	329	246386	245556	5.6	36.6
Hyla_arborea_SWS2_SRR2157967	CAJOBX010023982.1	21.769	147	110	2	21	166	19865	20293	5.9	36.6
Hyla_arborea_SWS2_SRR2157967	CAJOBX010044714.1	24.299	107	66	3	231	329	25381	25082	6.0	36.6
Hyla_arborea_SWS2_SRR2157967	CAJOBX010027635.1	19.672	244	165	8	64	284	223577	224284	6.2	36.6
Hyla_arborea_SWS2_SRR2157967	CAJOBX010052223.1	28.378	74	51	2	72	144	11858396	11858614	6.5	36.6
Hyla_arborea_SWS2_SRR2157967	CAJOBX010068335.1	23.280	189	113	8	159	327	585363	584833	6.8	36.2
Hyla_arborea_SWS2_SRR2157967	CAJOBX010010224.1	25.641	117	66	4	225	329	3160202	3159879	7.2	36.2
Hyla_arborea_SWS2_SRR2157967	CAJOBX010011225.1	34.328	67	43	1	114	179	559938	559738	8.2	36.2
Hyla_arborea_SWS2_SRR2157967	CAJOBX010010933.1	20.548	292	205	8	52	330	4689	3856	8.2	36.2
Hyla_arborea_SWS2_SRR2157967	CAJOBX010004304.1	29.245	106	64	5	84	181	41651	41343	8.2	36.2
Hyla_arborea_SWS2_SRR2157967	CAJOBX010016180.1	20.221	272	173	10	85	334	99068	99817	8.3	36.2
Hyla_arborea_SWS2_SRR2157967	CAJOBX010031480.1	41.304	46	25	1	187	232	90627	90496	8.5	36.2
Hyla_arborea_SWS2_SRR2157967	CAJOBX010010036.1	22.870	223	136	9	124	330	239348	239956	9.5	35.8
Hyla_arborea_SWS2_SRR2157967	CAJOBX010010036.1	20.915	306	186	11	53	333	146170	146994	9.9	35.8
Hyla_arborea_SWS2_SRR2157967	CAJOBX010028842.1	19.574	235	173	6	49	279	12965	12297	9.6	35.8
# BLAST processed 1 queries
