Adenomera_andreae_LWS_SC6428JCS	ENA|ONZH01019223|ONZH01019223.1	92.977	299	21	0	109	407	62126	62424	8.04e-120	436
Adenomera_andreae_LWS_SC6428JCS	ENA|ONZH01019223|ONZH01019223.1	92.975	242	17	0	740	981	64823	65064	2.32e-95	355
Adenomera_andreae_LWS_SC6428JCS	ENA|ONZH01019223|ONZH01019223.1	91.329	173	15	0	406	578	63357	63529	8.75e-60	237
Adenomera_andreae_LWS_SC6428JCS	ENA|ONZH01019223|ONZH01019223.1	90.643	171	16	0	573	743	64069	64239	5.27e-57	228
Adenomera_andreae_LWS_SC6428JCS	ENA|ONZH01019223|ONZH01019223.1	92.241	116	9	0	980	1095	66367	66482	4.19e-38	165
Adenomera_andreae_LWS_SC6428JCS	ENA|ONZH01019223|ONZH01019223.1	92.793	111	8	0	1	111	59049	59159	5.42e-37	161
Agalychnis_spurrelli_LWS_1078	ENA|ONZH01019223|ONZH01019223.1	91.667	300	25	0	108	407	62125	62424	1.05e-113	416
Agalychnis_spurrelli_LWS_1078	ENA|ONZH01019223|ONZH01019223.1	92.486	173	11	2	406	577	63357	63528	1.45e-62	246
Agalychnis_spurrelli_LWS_1078	ENA|ONZH01019223|ONZH01019223.1	90.643	171	16	0	573	743	64069	64239	5.27e-57	228
Agalychnis_spurrelli_LWS_1078	ENA|ONZH01019223|ONZH01019223.1	92.241	116	9	0	980	1095	66367	66482	4.19e-38	165
Allobates_humilis_LWS_TNHCFS5555	ENA|ONZH01019223|ONZH01019223.1	92.308	299	23	0	109	407	62126	62424	1.74e-116	425
Allobates_humilis_LWS_TNHCFS5555	ENA|ONZH01019223|ONZH01019223.1	90.751	173	16	0	406	578	63357	63529	4.07e-58	231
Allobates_humilis_LWS_TNHCFS5555	ENA|ONZH01019223|ONZH01019223.1	89.189	111	12	0	1	111	59049	59159	2.54e-30	139
Allobates_juanii_LWS_TNHCFS4981	ENA|ONZH01019223|ONZH01019223.1	92.308	299	23	0	109	407	62126	62424	1.74e-116	425
Allobates_juanii_LWS_TNHCFS4981	ENA|ONZH01019223|ONZH01019223.1	90.909	242	22	0	740	981	64823	65064	1.82e-86	326
Allobates_juanii_LWS_TNHCFS4981	ENA|ONZH01019223|ONZH01019223.1	91.329	173	15	0	406	578	63357	63529	8.75e-60	237
Allobates_kingsburyi_LWS_1146	ENA|ONZH01019223|ONZH01019223.1	92.308	299	23	0	109	407	62126	62424	1.74e-116	425
Allobates_kingsburyi_LWS_1146	ENA|ONZH01019223|ONZH01019223.1	91.736	242	20	0	740	981	64823	65064	8.39e-90	337
Allobates_kingsburyi_LWS_1146	ENA|ONZH01019223|ONZH01019223.1	91.329	173	15	0	406	578	63357	63529	8.75e-60	237
Allobates_kingsburyi_LWS_1146	ENA|ONZH01019223|ONZH01019223.1	85.882	170	24	0	574	743	64070	64239	4.16e-43	182
Allobates_zaparo_LWS_RDT0102	ENA|ONZH01019223|ONZH01019223.1	90.301	299	29	0	109	407	62126	62424	1.76e-106	392
Allobates_zaparo_LWS_RDT0102	ENA|ONZH01019223|ONZH01019223.1	91.736	242	20	0	740	981	64823	65064	8.39e-90	337
Allobates_zaparo_LWS_RDT0102	ENA|ONZH01019223|ONZH01019223.1	90.751	173	16	0	406	578	63357	63529	4.07e-58	231
Allobates_zaparo_LWS_RDT0102	ENA|ONZH01019223|ONZH01019223.1	89.189	111	12	0	1	111	59049	59159	2.54e-30	139
Ameerega_bassleri_LWS_16275	ENA|ONZH01019223|ONZH01019223.1	93.980	299	18	0	109	407	62126	62424	7.98e-125	453
Ameerega_bassleri_LWS_16275	ENA|ONZH01019223|ONZH01019223.1	93.388	242	16	0	740	981	64823	65064	1.79e-96	359
Ameerega_bassleri_LWS_16275	ENA|ONZH01019223|ONZH01019223.1	90.000	170	17	0	574	743	64070	64239	8.81e-55	220
Ameerega_bilinguis_LWS_RDT0101	ENA|ONZH01019223|ONZH01019223.1	93.980	299	18	0	109	407	62126	62424	7.98e-125	453
Ameerega_bilinguis_LWS_RDT0101	ENA|ONZH01019223|ONZH01019223.1	91.736	242	20	0	740	981	64823	65064	8.39e-90	337
Ameerega_bilinguis_LWS_RDT0101	ENA|ONZH01019223|ONZH01019223.1	93.064	173	12	0	406	578	63357	63529	8.69e-65	254
Ameerega_bilinguis_LWS_RDT0101	ENA|ONZH01019223|ONZH01019223.1	88.824	170	19	0	574	743	64070	64239	1.91e-51	209
Ameerega_parvula_LWS_TNHCFS1776	ENA|ONZH01019223|ONZH01019223.1	93.645	299	19	0	109	407	62126	62424	3.71e-123	448
Ameerega_parvula_LWS_TNHCFS1776	ENA|ONZH01019223|ONZH01019223.1	92.149	242	19	0	740	981	64823	65064	1.80e-91	342
Ameerega_parvula_LWS_TNHCFS1776	ENA|ONZH01019223|ONZH01019223.1	91.908	173	14	0	406	578	63357	63529	1.88e-61	243
Ameerega_parvula_LWS_TNHCFS1776	ENA|ONZH01019223|ONZH01019223.1	89.412	170	18	0	574	743	64070	64239	4.10e-53	215
Ameerega_trivittata_LWS_RDT0162	ENA|ONZH01019223|ONZH01019223.1	94.649	299	16	0	109	407	62126	62424	3.69e-128	464
Ameerega_trivittata_LWS_RDT0162	ENA|ONZH01019223|ONZH01019223.1	93.388	242	16	0	740	981	64823	65064	1.79e-96	359
Ameerega_trivittata_LWS_RDT0162	ENA|ONZH01019223|ONZH01019223.1	92.486	173	13	0	406	578	63357	63529	4.04e-63	248
Ameerega_trivittata_LWS_RDT0162	ENA|ONZH01019223|ONZH01019223.1	89.412	170	18	0	574	743	64070	64239	4.10e-53	215
Anomaloglossus_verbeeksnyderorum_LWS_TNHCFS5627	ENA|ONZH01019223|ONZH01019223.1	93.023	301	21	0	109	409	62126	62426	6.23e-121	440
Anomaloglossus_verbeeksnyderorum_LWS_TNHCFS5627	ENA|ONZH01019223|ONZH01019223.1	92.149	242	19	0	740	981	64823	65064	1.81e-91	342
Anomaloglossus_verbeeksnyderorum_LWS_TNHCFS5627	ENA|ONZH01019223|ONZH01019223.1	91.329	173	15	0	406	578	63357	63529	8.77e-60	237
Anomaloglossus_verbeeksnyderorum_LWS_TNHCFS5627	ENA|ONZH01019223|ONZH01019223.1	88.889	171	19	0	574	744	64070	64240	5.32e-52	211
Aromobates_saltuensis_LWS_TNHCFS5549	ENA|ONZH01019223|ONZH01019223.1	92.308	299	23	0	109	407	62126	62424	1.74e-116	425
Aromobates_saltuensis_LWS_TNHCFS5549	ENA|ONZH01019223|ONZH01019223.1	92.400	250	19	0	732	981	64815	65064	6.44e-96	357
Aromobates_saltuensis_LWS_TNHCFS5549	ENA|ONZH01019223|ONZH01019223.1	93.064	173	12	0	406	578	63357	63529	8.69e-65	254
Aromobates_saltuensis_LWS_TNHCFS5549	ENA|ONZH01019223|ONZH01019223.1	88.415	164	19	0	574	737	64070	64233	4.13e-48	198
Aromobates_saltuensis_LWS_TNHCFS5549	ENA|ONZH01019223|ONZH01019223.1	90.090	111	11	0	1	111	59049	59159	5.46e-32	145
Atelopus_flavescens_LWS_AF1845	ENA|ONZH01019223|ONZH01019223.1	97.993	299	6	0	109	407	62126	62424	7.76e-145	520
Atelopus_flavescens_LWS_AF1845	ENA|ONZH01019223|ONZH01019223.1	95.868	242	10	0	740	981	64823	65064	1.76e-106	392
Atelopus_flavescens_LWS_AF1845	ENA|ONZH01019223|ONZH01019223.1	94.798	173	9	0	406	578	63357	63529	2.40e-70	272
Atelopus_flavescens_LWS_AF1845	ENA|ONZH01019223|ONZH01019223.1	97.414	116	3	0	980	1095	66367	66482	4.13e-48	198
Atelopus_flavescens_LWS_AF1845	ENA|ONZH01019223|ONZH01019223.1	97.297	111	3	0	1	111	59049	59159	2.48e-45	189
Atelopus_glyphus_LWS_RDT0354	ENA|ONZH01019223|ONZH01019223.1	97.993	299	6	0	109	407	62126	62424	7.76e-145	520
Atelopus_glyphus_LWS_RDT0354	ENA|ONZH01019223|ONZH01019223.1	96.694	242	8	0	740	981	64823	65064	8.15e-110	403
Atelopus_glyphus_LWS_RDT0354	ENA|ONZH01019223|ONZH01019223.1	95.376	173	8	0	406	578	63357	63529	1.85e-71	276
Atelopus_glyphus_LWS_RDT0354	ENA|ONZH01019223|ONZH01019223.1	93.567	171	11	0	573	743	64069	64239	2.42e-65	255
Atelopus_glyphus_LWS_RDT0354	ENA|ONZH01019223|ONZH01019223.1	99.138	116	1	0	980	1095	66367	66482	1.91e-51	209
Atelopus_glyphus_LWS_RDT0354	ENA|ONZH01019223|ONZH01019223.1	97.297	111	3	0	1	111	59049	59159	2.48e-45	189
Atelopus_ignescens_LWS_SC5694	ENA|ONZH01019223|ONZH01019223.1	97.993	299	6	0	109	407	62126	62424	7.76e-145	520
Atelopus_ignescens_LWS_SC5694	ENA|ONZH01019223|ONZH01019223.1	95.868	242	10	0	740	981	64823	65064	1.76e-106	392
Atelopus_ignescens_LWS_SC5694	ENA|ONZH01019223|ONZH01019223.1	95.376	173	8	0	406	578	63357	63529	1.85e-71	276
Atelopus_ignescens_LWS_SC5694	ENA|ONZH01019223|ONZH01019223.1	93.567	171	11	0	573	743	64069	64239	2.42e-65	255
Atelopus_ignescens_LWS_SC5694	ENA|ONZH01019223|ONZH01019223.1	98.276	116	2	0	980	1095	66367	66482	8.87e-50	204
Atelopus_ignescens_LWS_SC5694	ENA|ONZH01019223|ONZH01019223.1	97.297	111	3	0	1	111	59049	59159	2.48e-45	189
Atelopus_spumarius_LWS_SC419	ENA|ONZH01019223|ONZH01019223.1	97.993	299	6	0	109	407	62126	62424	7.76e-145	520
Atelopus_spumarius_LWS_SC419	ENA|ONZH01019223|ONZH01019223.1	95.868	242	10	0	740	981	64823	65064	1.76e-106	392
Atelopus_spumarius_LWS_SC419	ENA|ONZH01019223|ONZH01019223.1	95.376	173	8	0	406	578	63357	63529	1.85e-71	276
Atelopus_spumarius_LWS_SC419	ENA|ONZH01019223|ONZH01019223.1	97.414	116	3	0	980	1095	66367	66482	4.13e-48	198
Atelopus_spumarius_LWS_SC419	ENA|ONZH01019223|ONZH01019223.1	97.297	111	3	0	1	111	59049	59159	2.48e-45	189
Atelopus_spurrelli_LWS_RDT0130	ENA|ONZH01019223|ONZH01019223.1	97.993	299	6	0	109	407	62126	62424	7.76e-145	520
Atelopus_spurrelli_LWS_RDT0130	ENA|ONZH01019223|ONZH01019223.1	96.694	242	8	0	740	981	64823	65064	8.15e-110	403
Atelopus_spurrelli_LWS_RDT0130	ENA|ONZH01019223|ONZH01019223.1	95.376	173	8	0	406	578	63357	63529	1.85e-71	276
Atelopus_spurrelli_LWS_RDT0130	ENA|ONZH01019223|ONZH01019223.1	93.567	171	11	0	573	743	64069	64239	2.42e-65	255
Atelopus_spurrelli_LWS_RDT0130	ENA|ONZH01019223|ONZH01019223.1	99.138	116	1	0	980	1095	66367	66482	1.91e-51	209
Atelopus_spurrelli_LWS_RDT0130	ENA|ONZH01019223|ONZH01019223.1	97.297	111	3	0	1	111	59049	59159	2.48e-45	189
Brachycephalus_boticario_LWS_DZUP444	ENA|ONZH01019223|ONZH01019223.1	92.977	299	21	0	109	407	62126	62424	8.04e-120	436
Brachycephalus_boticario_LWS_DZUP444	ENA|ONZH01019223|ONZH01019223.1	90.496	242	23	0	740	981	64823	65064	8.45e-85	320
Brachycephalus_boticario_LWS_DZUP444	ENA|ONZH01019223|ONZH01019223.1	92.486	173	13	0	406	578	63357	63529	4.04e-63	248
Brachycephalus_boticario_LWS_DZUP444	ENA|ONZH01019223|ONZH01019223.1	91.228	171	15	0	573	743	64069	64239	1.13e-58	233
Brachycephalus_boticario_LWS_DZUP444	ENA|ONZH01019223|ONZH01019223.1	95.690	116	5	0	980	1095	66367	66482	8.94e-45	187
Brachycephalus_boticario_LWS_DZUP444	ENA|ONZH01019223|ONZH01019223.1	94.595	111	6	0	1	111	59049	59159	2.50e-40	172
Brachycephalus_brunneus_LWS_DZUP511BPT5	ENA|ONZH01019223|ONZH01019223.1	93.645	299	19	0	109	407	62126	62424	3.71e-123	448
Brachycephalus_brunneus_LWS_DZUP511BPT5	ENA|ONZH01019223|ONZH01019223.1	90.496	242	23	0	740	981	64823	65064	8.45e-85	320
Brachycephalus_brunneus_LWS_DZUP511BPT5	ENA|ONZH01019223|ONZH01019223.1	91.329	173	15	0	406	578	63357	63529	8.75e-60	237
Brachycephalus_brunneus_LWS_DZUP511BPT5	ENA|ONZH01019223|ONZH01019223.1	91.228	171	15	0	573	743	64069	64239	1.13e-58	233
Brachycephalus_brunneus_LWS_DZUP511BPT5	ENA|ONZH01019223|ONZH01019223.1	95.690	116	5	0	980	1095	66367	66482	8.94e-45	187
Brachycephalus_olivaceus_LWS_DZUP166	ENA|ONZH01019223|ONZH01019223.1	92.977	299	21	0	109	407	62126	62424	8.04e-120	436
Brachycephalus_olivaceus_LWS_DZUP166	ENA|ONZH01019223|ONZH01019223.1	90.496	242	23	0	740	981	64823	65064	8.45e-85	320
Brachycephalus_olivaceus_LWS_DZUP166	ENA|ONZH01019223|ONZH01019223.1	92.486	173	13	0	406	578	63357	63529	4.04e-63	248
Brachycephalus_olivaceus_LWS_DZUP166	ENA|ONZH01019223|ONZH01019223.1	91.228	171	15	0	573	743	64069	64239	1.13e-58	233
Brachycephalus_olivaceus_LWS_DZUP166	ENA|ONZH01019223|ONZH01019223.1	95.690	116	5	0	980	1095	66367	66482	8.94e-45	187
Brachycephalus_olivaceus_LWS_DZUP166	ENA|ONZH01019223|ONZH01019223.1	94.595	111	6	0	1	111	59049	59159	2.50e-40	172
Brachycephalus_pernix_LWS_DZUP556A38	ENA|ONZH01019223|ONZH01019223.1	92.977	299	21	0	109	407	62126	62424	8.04e-120	436
Brachycephalus_pernix_LWS_DZUP556A38	ENA|ONZH01019223|ONZH01019223.1	90.496	242	23	0	740	981	64823	65064	8.45e-85	320
Brachycephalus_pernix_LWS_DZUP556A38	ENA|ONZH01019223|ONZH01019223.1	93.064	173	12	0	406	578	63357	63529	8.69e-65	254
Brachycephalus_pernix_LWS_DZUP556A38	ENA|ONZH01019223|ONZH01019223.1	91.176	170	15	0	574	743	64070	64239	4.07e-58	231
Brachycephalus_pernix_LWS_DZUP556A38	ENA|ONZH01019223|ONZH01019223.1	95.690	116	5	0	980	1095	66367	66482	8.94e-45	187
Brachycephalus_pernix_LWS_DZUP556A38	ENA|ONZH01019223|ONZH01019223.1	94.595	111	6	0	1	111	59049	59159	2.50e-40	172
Brachycephalus_pombali_LWS_DZUP215MP3	ENA|ONZH01019223|ONZH01019223.1	92.977	299	21	0	109	407	62126	62424	8.04e-120	436
Brachycephalus_pombali_LWS_DZUP215MP3	ENA|ONZH01019223|ONZH01019223.1	90.496	242	23	0	740	981	64823	65064	8.45e-85	320
Brachycephalus_pombali_LWS_DZUP215MP3	ENA|ONZH01019223|ONZH01019223.1	93.064	173	12	0	406	578	63357	63529	8.69e-65	254
Brachycephalus_pombali_LWS_DZUP215MP3	ENA|ONZH01019223|ONZH01019223.1	91.228	171	15	0	573	743	64069	64239	1.13e-58	233
Brachycephalus_pombali_LWS_DZUP215MP3	ENA|ONZH01019223|ONZH01019223.1	95.690	116	5	0	980	1095	66367	66482	8.94e-45	187
Brachycephalus_pombali_LWS_DZUP215MP3	ENA|ONZH01019223|ONZH01019223.1	94.595	111	6	0	1	111	59049	59159	2.50e-40	172
Centrolene_heloderma_LWS_SC611	ENA|ONZH01019223|ONZH01019223.1	94.314	299	17	0	109	407	62126	62424	1.72e-126	459
Centrolene_heloderma_LWS_SC611	ENA|ONZH01019223|ONZH01019223.1	91.908	173	14	0	406	578	63357	63529	1.88e-61	243
Centrolene_heloderma_LWS_SC611	ENA|ONZH01019223|ONZH01019223.1	90.184	163	16	0	573	735	64069	64231	1.47e-52	213
Ceratophrys_cornuta_LWS_JCS	ENA|ONZH01019223|ONZH01019223.1	95.000	300	15	0	108	407	62125	62424	2.20e-130	472
Ceratophrys_cornuta_LWS_JCS	ENA|ONZH01019223|ONZH01019223.1	92.149	242	19	0	740	981	64823	65064	1.80e-91	342
Ceratophrys_cornuta_LWS_JCS	ENA|ONZH01019223|ONZH01019223.1	91.765	170	14	0	574	743	64070	64239	8.75e-60	237
Ceratophrys_cornuta_LWS_JCS	ENA|ONZH01019223|ONZH01019223.1	93.103	116	8	0	980	1095	66367	66482	9.00e-40	171
Ceratophrys_cornuta_LWS_JCS	ENA|ONZH01019223|ONZH01019223.1	93.694	111	7	0	1	111	59049	59159	1.16e-38	167
Colostethus_panamansis_LWS_Cin1she	ENA|ONZH01019223|ONZH01019223.1	94.314	299	17	0	109	407	62126	62424	1.72e-126	459
Colostethus_panamansis_LWS_Cin1she	ENA|ONZH01019223|ONZH01019223.1	93.802	242	15	0	740	981	64823	65064	3.85e-98	364
Colostethus_panamansis_LWS_Cin1she	ENA|ONZH01019223|ONZH01019223.1	92.486	173	13	0	406	578	63357	63529	4.04e-63	248
Colostethus_panamansis_LWS_Cin1she	ENA|ONZH01019223|ONZH01019223.1	89.412	170	18	0	574	743	64070	64239	4.10e-53	215
Colostethus_panamansis_LWS_Cin1she	ENA|ONZH01019223|ONZH01019223.1	89.189	111	12	0	1	111	59049	59159	2.54e-30	139
Colostethus_pratti_LWS_Csp1Cilico	ENA|ONZH01019223|ONZH01019223.1	93.980	299	18	0	109	407	62126	62424	7.98e-125	453
Colostethus_pratti_LWS_Csp1Cilico	ENA|ONZH01019223|ONZH01019223.1	93.802	242	15	0	740	981	64823	65064	3.85e-98	364
Colostethus_pratti_LWS_Csp1Cilico	ENA|ONZH01019223|ONZH01019223.1	91.908	173	14	0	406	578	63357	63529	1.88e-61	243
Colostethus_pratti_LWS_Csp1Cilico	ENA|ONZH01019223|ONZH01019223.1	89.412	170	18	0	574	743	64070	64239	4.10e-53	215
Craugastor_longirostris_LWS_SC5733	ENA|ONZH01019223|ONZH01019223.1	94.314	299	17	0	109	407	62126	62424	1.72e-126	459
Craugastor_longirostris_LWS_SC5733	ENA|ONZH01019223|ONZH01019223.1	92.149	242	19	0	740	981	64823	65064	1.80e-91	342
Craugastor_longirostris_LWS_SC5733	ENA|ONZH01019223|ONZH01019223.1	94.220	173	10	0	406	578	63357	63529	4.01e-68	265
Craugastor_longirostris_LWS_SC5733	ENA|ONZH01019223|ONZH01019223.1	88.824	170	19	0	574	743	64070	64239	1.91e-51	209
Craugastor_longirostris_LWS_SC5733	ENA|ONZH01019223|ONZH01019223.1	94.828	116	6	0	980	1095	66367	66482	4.16e-43	182
Craugastor_longirostris_LWS_SC5733	ENA|ONZH01019223|ONZH01019223.1	95.495	111	5	0	1	111	59049	59159	5.38e-42	178
Dendrobates_auratus_LWS_Daur7	ENA|ONZH01019223|ONZH01019223.1	92.975	242	17	0	740	981	64823	65064	8.33e-95	353
Dendrobates_auratus_LWS_Daur7	ENA|ONZH01019223|ONZH01019223.1	91.908	173	14	0	406	578	63357	63529	1.88e-61	243
Dendrobates_auratus_LWS_Daur7	ENA|ONZH01019223|ONZH01019223.1	89.474	171	18	0	573	743	64069	64239	1.14e-53	217
Dendrobates_bombetes_LWS_TNHCFS4972	ENA|ONZH01019223|ONZH01019223.1	89.632	299	31	0	109	407	62126	62424	3.82e-103	381
Dendrobates_bombetes_LWS_TNHCFS4972	ENA|ONZH01019223|ONZH01019223.1	94.215	242	14	0	740	981	64823	65064	8.27e-100	370
Dendrobates_bombetes_LWS_TNHCFS4972	ENA|ONZH01019223|ONZH01019223.1	93.827	162	10	0	417	578	63368	63529	5.23e-62	244
Dendrobates_bombetes_LWS_TNHCFS4972	ENA|ONZH01019223|ONZH01019223.1	90.090	111	11	0	1	111	59049	59159	5.46e-32	145
Dendrobates_captivus_LWS_CJ5042	ENA|ONZH01019223|ONZH01019223.1	89.967	299	30	0	109	407	62126	62424	8.21e-105	387
Dendrobates_captivus_LWS_CJ5042	ENA|ONZH01019223|ONZH01019223.1	93.388	242	16	0	740	981	64823	65064	1.79e-96	359
Dendrobates_captivus_LWS_CJ5042	ENA|ONZH01019223|ONZH01019223.1	92.593	162	12	0	417	578	63368	63529	1.13e-58	233
Dendrobates_captivus_LWS_CJ5042	ENA|ONZH01019223|ONZH01019223.1	87.135	171	22	0	573	743	64069	64239	5.34e-47	195
Dendrobates_captivus_LWS_CJ5042	ENA|ONZH01019223|ONZH01019223.1	90.090	111	11	0	1	111	59049	59159	5.46e-32	145
Dendrobates_fantasticus_LWS_KS29	ENA|ONZH01019223|ONZH01019223.1	93.388	242	16	0	740	981	64823	65064	1.79e-96	359
Dendrobates_fantasticus_LWS_KS29	ENA|ONZH01019223|ONZH01019223.1	94.156	154	9	0	417	570	63368	63521	3.16e-59	235
Dendrobates_fantasticus_LWS_KS29	ENA|ONZH01019223|ONZH01019223.1	90.991	111	10	0	1	111	59049	59159	1.18e-33	150
Dendrobates_fulguritus_LWS_RDT0129	ENA|ONZH01019223|ONZH01019223.1	89.632	299	31	0	109	407	62126	62424	3.83e-103	381
Dendrobates_fulguritus_LWS_RDT0129	ENA|ONZH01019223|ONZH01019223.1	93.388	242	16	0	740	981	64823	65064	1.79e-96	359
Dendrobates_fulguritus_LWS_RDT0129	ENA|ONZH01019223|ONZH01019223.1	94.444	162	9	0	417	578	63368	63529	1.13e-63	250
Dendrobates_fulguritus_LWS_RDT0129	ENA|ONZH01019223|ONZH01019223.1	90.090	111	11	0	1	111	59049	59159	5.47e-32	145
Dendrobates_galactonotus_LWS_CJmuscle	ENA|ONZH01019223|ONZH01019223.1	90.970	299	27	0	109	407	62126	62424	8.15e-110	403
Dendrobates_galactonotus_LWS_CJmuscle	ENA|ONZH01019223|ONZH01019223.1	93.802	242	15	0	740	981	64823	65064	3.85e-98	364
Dendrobates_galactonotus_LWS_CJmuscle	ENA|ONZH01019223|ONZH01019223.1	91.975	162	13	0	417	578	63368	63529	5.27e-57	228
Dendrobates_galactonotus_LWS_CJmuscle	ENA|ONZH01019223|ONZH01019223.1	88.889	171	19	0	573	743	64069	64239	5.30e-52	211
Dendrobates_galactonotus_LWS_CJmuscle	ENA|ONZH01019223|ONZH01019223.1	89.189	111	12	0	1	111	59049	59159	2.54e-30	139
Dendrobates_histrionicus_LWS_TNHCFS4986	ENA|ONZH01019223|ONZH01019223.1	89.967	299	30	0	109	407	62126	62424	8.21e-105	387
Dendrobates_histrionicus_LWS_TNHCFS4986	ENA|ONZH01019223|ONZH01019223.1	93.388	242	16	0	740	981	64823	65064	1.79e-96	359
Dendrobates_histrionicus_LWS_TNHCFS4986	ENA|ONZH01019223|ONZH01019223.1	92.593	162	12	0	417	578	63368	63529	1.13e-58	233
Dendrobates_histrionicus_LWS_TNHCFS4986	ENA|ONZH01019223|ONZH01019223.1	87.135	171	22	0	573	743	64069	64239	5.34e-47	195
Dendrobates_histrionicus_LWS_TNHCFS4986	ENA|ONZH01019223|ONZH01019223.1	90.090	111	11	0	1	111	59049	59159	5.46e-32	145
Dendrobates_imitator_LWS_SRX5090076	ENA|ONZH01019223|ONZH01019223.1	89.632	299	31	0	109	407	62126	62424	3.83e-103	381
Dendrobates_imitator_LWS_SRX5090076	ENA|ONZH01019223|ONZH01019223.1	92.562	242	18	0	740	981	64823	65064	3.88e-93	348
Dendrobates_imitator_LWS_SRX5090076	ENA|ONZH01019223|ONZH01019223.1	94.156	154	9	0	417	570	63368	63521	3.16e-59	235
Dendrobates_imitator_LWS_SRX5090076	ENA|ONZH01019223|ONZH01019223.1	88.439	173	20	0	571	743	64067	64239	1.91e-51	209
Dendrobates_imitator_LWS_SRX5090076	ENA|ONZH01019223|ONZH01019223.1	90.090	111	11	0	1	111	59049	59159	5.47e-32	145
Dendrobates_leucomelas_LWS_TNHCFS5625	ENA|ONZH01019223|ONZH01019223.1	90.635	299	28	0	109	407	62126	62424	3.79e-108	398
Dendrobates_leucomelas_LWS_TNHCFS5625	ENA|ONZH01019223|ONZH01019223.1	92.562	242	18	0	740	981	64823	65064	3.87e-93	348
Dendrobates_leucomelas_LWS_TNHCFS5625	ENA|ONZH01019223|ONZH01019223.1	93.827	162	10	0	417	578	63368	63529	5.23e-62	244
Dendrobates_leucomelas_LWS_TNHCFS5625	ENA|ONZH01019223|ONZH01019223.1	88.304	171	20	0	573	743	64069	64239	2.47e-50	206
Dendrobates_leucomelas_LWS_TNHCFS5625	ENA|ONZH01019223|ONZH01019223.1	90.090	111	11	0	1	111	59049	59159	5.46e-32	145
Dendrobates_pumilio_LWS_SRR8275033	ENA|ONZH01019223|ONZH01019223.1	89.967	299	30	0	109	407	62126	62424	8.23e-105	387
Dendrobates_pumilio_LWS_SRR8275033	ENA|ONZH01019223|ONZH01019223.1	93.388	242	16	0	740	981	64823	65064	1.79e-96	359
Dendrobates_pumilio_LWS_SRR8275033	ENA|ONZH01019223|ONZH01019223.1	93.210	162	11	0	417	578	63368	63529	2.44e-60	239
Dendrobates_pumilio_LWS_SRR8275033	ENA|ONZH01019223|ONZH01019223.1	87.059	170	22	0	574	743	64070	64239	1.93e-46	193
Dendrobates_pumilio_LWS_SRR8275033	ENA|ONZH01019223|ONZH01019223.1	90.090	111	11	0	1	111	59049	59159	5.47e-32	145
Dendrobates_tinctorius_LWS_Dtinct2	ENA|ONZH01019223|ONZH01019223.1	90.301	299	29	0	109	407	62126	62424	1.76e-106	392
Dendrobates_tinctorius_LWS_Dtinct2	ENA|ONZH01019223|ONZH01019223.1	92.975	242	17	0	740	981	64823	65064	8.33e-95	353
Dendrobates_tinctorius_LWS_Dtinct2	ENA|ONZH01019223|ONZH01019223.1	93.210	162	11	0	417	578	63368	63529	2.43e-60	239
Dendrobates_tinctorius_LWS_Dtinct2	ENA|ONZH01019223|ONZH01019223.1	88.304	171	20	0	573	743	64069	64239	2.47e-50	206
Dendrobates_tinctorius_LWS_Dtinct2	ENA|ONZH01019223|ONZH01019223.1	91.262	103	9	0	9	111	59057	59159	7.06e-31	141
Dendrobates_ventrimaculatus_LWS_JCS	ENA|ONZH01019223|ONZH01019223.1	89.632	299	31	0	109	407	62126	62424	3.83e-103	381
Dendrobates_ventrimaculatus_LWS_JCS	ENA|ONZH01019223|ONZH01019223.1	93.388	242	16	0	740	981	64823	65064	1.79e-96	359
Dendrobates_ventrimaculatus_LWS_JCS	ENA|ONZH01019223|ONZH01019223.1	94.444	162	9	0	417	578	63368	63529	1.13e-63	250
Dendrobates_ventrimaculatus_LWS_JCS	ENA|ONZH01019223|ONZH01019223.1	90.090	111	11	0	1	111	59049	59159	5.47e-32	145
Epipedobates_anthonyi_LWS_TNHCFS6865	ENA|ONZH01019223|ONZH01019223.1	93.311	299	20	0	109	407	62126	62424	1.73e-121	442
Epipedobates_anthonyi_LWS_TNHCFS6865	ENA|ONZH01019223|ONZH01019223.1	92.975	242	17	0	740	981	64823	65064	8.33e-95	353
Epipedobates_anthonyi_LWS_TNHCFS6865	ENA|ONZH01019223|ONZH01019223.1	91.908	173	14	0	406	578	63357	63529	1.88e-61	243
Epipedobates_anthonyi_LWS_TNHCFS6865	ENA|ONZH01019223|ONZH01019223.1	90.000	170	17	0	574	743	64070	64239	8.81e-55	220
Epipedobates_anthonyi_LWS_TNHCFS6865	ENA|ONZH01019223|ONZH01019223.1	90.090	111	11	0	1	111	59049	59159	5.46e-32	145
Epipedobates_boulengerisEspinosai_LWS_RDT0026	ENA|ONZH01019223|ONZH01019223.1	93.645	299	19	0	109	407	62126	62424	3.72e-123	448
Epipedobates_boulengerisEspinosai_LWS_RDT0026	ENA|ONZH01019223|ONZH01019223.1	92.975	242	17	0	740	981	64823	65064	8.35e-95	353
Epipedobates_boulengerisEspinosai_LWS_RDT0026	ENA|ONZH01019223|ONZH01019223.1	92.486	173	13	0	406	578	63357	63529	4.05e-63	248
Epipedobates_boulengerisEspinosai_LWS_RDT0026	ENA|ONZH01019223|ONZH01019223.1	89.412	170	18	0	574	743	64070	64239	4.11e-53	215
Epipedobates_boulengerisEspinosai_LWS_RDT0026	ENA|ONZH01019223|ONZH01019223.1	90.090	111	11	0	1	111	59049	59159	5.47e-32	145
Epipedobates_boulengerisSS_LWS_RDT0209	ENA|ONZH01019223|ONZH01019223.1	93.645	299	19	0	109	407	62126	62424	3.72e-123	448
Epipedobates_boulengerisSS_LWS_RDT0209	ENA|ONZH01019223|ONZH01019223.1	93.388	242	16	0	740	981	64823	65064	1.79e-96	359
Epipedobates_boulengerisSS_LWS_RDT0209	ENA|ONZH01019223|ONZH01019223.1	91.329	173	15	0	406	578	63357	63529	8.77e-60	237
Epipedobates_boulengerisSS_LWS_RDT0209	ENA|ONZH01019223|ONZH01019223.1	90.000	170	17	0	574	743	64070	64239	8.84e-55	220
Epipedobates_boulengerisSS_LWS_RDT0209	ENA|ONZH01019223|ONZH01019223.1	90.090	111	11	0	1	111	59049	59159	5.47e-32	145
Epipedobates_darwinwallacei_LWS_RDT0059	ENA|ONZH01019223|ONZH01019223.1	93.645	299	19	0	109	407	62126	62424	3.71e-123	448
Epipedobates_darwinwallacei_LWS_RDT0059	ENA|ONZH01019223|ONZH01019223.1	92.975	242	17	0	740	981	64823	65064	8.33e-95	353
Epipedobates_darwinwallacei_LWS_RDT0059	ENA|ONZH01019223|ONZH01019223.1	91.908	173	14	0	406	578	63357	63529	1.88e-61	243
Epipedobates_darwinwallacei_LWS_RDT0059	ENA|ONZH01019223|ONZH01019223.1	90.000	170	17	0	574	743	64070	64239	8.81e-55	220
Epipedobates_darwinwallacei_LWS_RDT0059	ENA|ONZH01019223|ONZH01019223.1	90.090	111	11	0	1	111	59049	59159	5.46e-32	145
Epipedobates_machalilla_LWS_TNHCFS6849	ENA|ONZH01019223|ONZH01019223.1	93.645	299	19	0	109	407	62126	62424	3.71e-123	448
Epipedobates_machalilla_LWS_TNHCFS6849	ENA|ONZH01019223|ONZH01019223.1	92.975	242	17	0	740	981	64823	65064	8.33e-95	353
Epipedobates_machalilla_LWS_TNHCFS6849	ENA|ONZH01019223|ONZH01019223.1	91.329	173	15	0	406	578	63357	63529	8.75e-60	237
Epipedobates_machalilla_LWS_TNHCFS6849	ENA|ONZH01019223|ONZH01019223.1	90.000	170	17	0	574	743	64070	64239	8.81e-55	220
Epipedobates_machalilla_LWS_TNHCFS6849	ENA|ONZH01019223|ONZH01019223.1	90.090	111	11	0	1	111	59049	59159	5.46e-32	145
Epipedobates_narinensis_LWS_RDT0217	ENA|ONZH01019223|ONZH01019223.1	93.645	299	19	0	109	407	62126	62424	3.71e-123	448
Epipedobates_narinensis_LWS_RDT0217	ENA|ONZH01019223|ONZH01019223.1	92.562	242	18	0	740	981	64823	65064	3.87e-93	348
Epipedobates_narinensis_LWS_RDT0217	ENA|ONZH01019223|ONZH01019223.1	91.908	173	14	0	406	578	63357	63529	5.23e-62	244
Epipedobates_narinensis_LWS_RDT0217	ENA|ONZH01019223|ONZH01019223.1	89.412	170	18	0	574	743	64070	64239	4.10e-53	215
Epipedobates_narinensis_LWS_RDT0217	ENA|ONZH01019223|ONZH01019223.1	90.090	111	11	0	1	111	59049	59159	5.46e-32	145
Epipedobates_tricolor_LWS_TNHCFS6843	ENA|ONZH01019223|ONZH01019223.1	93.645	299	19	0	109	407	62126	62424	3.71e-123	448
Epipedobates_tricolor_LWS_TNHCFS6843	ENA|ONZH01019223|ONZH01019223.1	90.000	170	17	0	574	743	64070	64239	8.81e-55	220
Epipedobates_tricolor_LWS_TNHCFS6843	ENA|ONZH01019223|ONZH01019223.1	90.090	111	11	0	1	111	59049	59159	5.46e-32	145
Hyla_arborea_LWS_SRR2157967	ENA|ONZH01019223|ONZH01019223.1	87.755	294	36	0	108	401	62125	62418	5.01e-92	344
Hyla_arborea_LWS_SRR2157967	ENA|ONZH01019223|ONZH01019223.1	93.064	173	12	0	406	578	63357	63529	8.69e-65	254
Hyla_arborea_LWS_SRR2157967	ENA|ONZH01019223|ONZH01019223.1	91.279	172	15	0	573	744	64069	64240	3.15e-59	235
Hyla_arborea_LWS_SRR2157967	ENA|ONZH01019223|ONZH01019223.1	93.694	111	7	0	1	111	59049	59159	1.16e-38	167
Hyla_cinerea_LWS_SRR3498299SRR3498304	ENA|ONZH01019223|ONZH01019223.1	87.415	294	37	0	108	401	62125	62418	2.33e-90	339
Hyla_cinerea_LWS_SRR3498299SRR3498304	ENA|ONZH01019223|ONZH01019223.1	91.329	173	15	0	406	578	63357	63529	2.43e-60	239
Hyloxalus_awa_LWS_RDT0047	ENA|ONZH01019223|ONZH01019223.1	90.698	301	28	0	107	407	62124	62424	2.93e-109	401
Hyloxalus_awa_LWS_RDT0047	ENA|ONZH01019223|ONZH01019223.1	92.975	242	17	0	740	981	64823	65064	8.33e-95	353
Hyloxalus_awa_LWS_RDT0047	ENA|ONZH01019223|ONZH01019223.1	92.486	173	13	0	406	578	63357	63529	4.04e-63	248
Hyloxalus_awa_LWS_RDT0047	ENA|ONZH01019223|ONZH01019223.1	88.889	171	19	0	573	743	64069	64239	5.30e-52	211
Hyloxalus_azureiventris_LWS_NA	ENA|ONZH01019223|ONZH01019223.1	92.359	301	23	0	107	407	62124	62424	1.34e-117	429
Hyloxalus_azureiventris_LWS_NA	ENA|ONZH01019223|ONZH01019223.1	92.562	242	18	0	740	981	64823	65064	3.87e-93	348
Hyloxalus_azureiventris_LWS_NA	ENA|ONZH01019223|ONZH01019223.1	91.329	173	15	0	406	578	63357	63529	8.75e-60	237
Hyloxalus_azureiventris_LWS_NA	ENA|ONZH01019223|ONZH01019223.1	89.474	171	18	0	573	743	64069	64239	1.14e-53	217
Hyloxalus_bocagei_LWS_QCAZ237259	ENA|ONZH01019223|ONZH01019223.1	91.362	301	26	0	107	407	62124	62424	1.35e-112	412
Hyloxalus_bocagei_LWS_QCAZ237259	ENA|ONZH01019223|ONZH01019223.1	93.388	242	16	0	740	981	64823	65064	1.79e-96	359
Hyloxalus_bocagei_LWS_QCAZ237259	ENA|ONZH01019223|ONZH01019223.1	90.751	173	16	0	406	578	63357	63529	4.07e-58	231
Hyloxalus_delatorreae_LWS_CJHD4	ENA|ONZH01019223|ONZH01019223.1	90.365	301	29	0	107	407	62124	62424	1.36e-107	396
Hyloxalus_delatorreae_LWS_CJHD4	ENA|ONZH01019223|ONZH01019223.1	93.388	242	16	0	740	981	64823	65064	1.79e-96	359
Hyloxalus_delatorreae_LWS_CJHD4	ENA|ONZH01019223|ONZH01019223.1	91.329	173	15	0	406	578	63357	63529	8.75e-60	237
Hyloxalus_delatorreae_LWS_CJHD4	ENA|ONZH01019223|ONZH01019223.1	88.889	171	19	0	573	743	64069	64239	5.30e-52	211
Hyloxalus_delatorreae_LWS_CJHD4	ENA|ONZH01019223|ONZH01019223.1	93.333	105	7	0	1	105	59049	59153	2.52e-35	156
Hyloxalus_infraguttatus_LWS_Hinfraguttatus	ENA|ONZH01019223|ONZH01019223.1	91.030	301	27	0	107	407	62124	62424	6.30e-111	407
Hyloxalus_infraguttatus_LWS_Hinfraguttatus	ENA|ONZH01019223|ONZH01019223.1	92.975	242	17	0	740	981	64823	65064	8.33e-95	353
Hyloxalus_infraguttatus_LWS_Hinfraguttatus	ENA|ONZH01019223|ONZH01019223.1	92.486	173	13	0	406	578	63357	63529	4.04e-63	248
Hyloxalus_infraguttatus_LWS_Hinfraguttatus	ENA|ONZH01019223|ONZH01019223.1	88.889	171	19	0	573	743	64069	64239	5.30e-52	211
Hyloxalus_jacobuspetersi_LWS_HJMol3	ENA|ONZH01019223|ONZH01019223.1	92.359	301	23	0	107	407	62124	62424	1.34e-117	429
Hyloxalus_jacobuspetersi_LWS_HJMol3	ENA|ONZH01019223|ONZH01019223.1	94.215	242	14	0	740	981	64823	65064	8.27e-100	370
Hyloxalus_jacobuspetersi_LWS_HJMol3	ENA|ONZH01019223|ONZH01019223.1	91.908	173	14	0	406	578	63357	63529	5.23e-62	244
Hyloxalus_jacobuspetersi_LWS_HJMol3	ENA|ONZH01019223|ONZH01019223.1	87.647	170	21	0	574	743	64070	64239	4.13e-48	198
Hyloxalus_pulchellus_LWS_JCS	ENA|ONZH01019223|ONZH01019223.1	90.698	301	28	0	107	407	62124	62424	2.93e-109	401
Hyloxalus_pulchellus_LWS_JCS	ENA|ONZH01019223|ONZH01019223.1	93.388	242	16	0	740	981	64823	65064	1.79e-96	359
Hyloxalus_pulchellus_LWS_JCS	ENA|ONZH01019223|ONZH01019223.1	91.329	173	15	0	406	578	63357	63529	8.75e-60	237
Hyloxalus_pulchellus_LWS_JCS	ENA|ONZH01019223|ONZH01019223.1	89.474	171	18	0	573	743	64069	64239	1.14e-53	217
Hyloxalus_pulchellus_LWS_JCS	ENA|ONZH01019223|ONZH01019223.1	93.333	105	7	0	1	105	59049	59153	2.52e-35	156
Hyloxalus_shuar_LWS_JCSRNAseq	ENA|ONZH01019223|ONZH01019223.1	91.694	301	25	0	107	407	62124	62424	2.92e-114	418
Hyloxalus_shuar_LWS_JCSRNAseq	ENA|ONZH01019223|ONZH01019223.1	92.149	242	19	0	740	981	64823	65064	1.81e-91	342
Hyloxalus_shuar_LWS_JCSRNAseq	ENA|ONZH01019223|ONZH01019223.1	93.642	173	11	0	406	578	63357	63529	1.87e-66	259
Hyloxalus_shuar_LWS_JCSRNAseq	ENA|ONZH01019223|ONZH01019223.1	88.824	170	19	0	574	743	64070	64239	1.91e-51	209
Hyloxalus_vertebralis_LWS_LAC2775	ENA|ONZH01019223|ONZH01019223.1	91.030	301	27	0	107	407	62124	62424	6.30e-111	407
Hyloxalus_vertebralis_LWS_LAC2775	ENA|ONZH01019223|ONZH01019223.1	94.215	242	14	0	740	981	64823	65064	8.27e-100	370
Hyloxalus_vertebralis_LWS_LAC2775	ENA|ONZH01019223|ONZH01019223.1	91.908	173	14	0	406	578	63357	63529	1.88e-61	243
Hyloxalus_vertebralis_LWS_LAC2775	ENA|ONZH01019223|ONZH01019223.1	89.474	171	18	0	573	743	64069	64239	1.14e-53	217
Hyloxalus_yasuni_LWS_QCAZ31143	ENA|ONZH01019223|ONZH01019223.1	91.362	301	26	0	107	407	62124	62424	1.35e-112	412
Hyloxalus_yasuni_LWS_QCAZ31143	ENA|ONZH01019223|ONZH01019223.1	92.771	249	18	0	733	981	64816	65064	4.98e-97	361
Hyloxalus_yasuni_LWS_QCAZ31143	ENA|ONZH01019223|ONZH01019223.1	92.486	173	13	0	406	578	63357	63529	4.04e-63	248
Hyloxalus_yasuni_LWS_QCAZ31143	ENA|ONZH01019223|ONZH01019223.1	88.304	171	20	0	573	743	64069	64239	2.47e-50	206
Leucostethus_fraterdanieli_LWS_TNHCFS4974	ENA|ONZH01019223|ONZH01019223.1	94.314	299	17	0	109	407	62126	62424	1.72e-126	459
Leucostethus_fraterdanieli_LWS_TNHCFS4974	ENA|ONZH01019223|ONZH01019223.1	94.215	242	14	0	740	981	64823	65064	8.29e-100	370
Leucostethus_fraterdanieli_LWS_TNHCFS4974	ENA|ONZH01019223|ONZH01019223.1	91.908	173	14	0	406	578	63357	63529	1.89e-61	243
Leucostethus_fraterdanieli_LWS_TNHCFS4974	ENA|ONZH01019223|ONZH01019223.1	87.719	171	21	0	574	744	64070	64240	1.15e-48	200
Leucostethus_fugax_LWS_RDT0100	ENA|ONZH01019223|ONZH01019223.1	94.649	299	16	0	109	407	62126	62424	3.70e-128	464
Leucostethus_fugax_LWS_RDT0100	ENA|ONZH01019223|ONZH01019223.1	94.628	242	13	0	740	981	64823	65064	1.78e-101	375
Leucostethus_fugax_LWS_RDT0100	ENA|ONZH01019223|ONZH01019223.1	93.064	173	12	0	406	578	63357	63529	8.71e-65	254
Leucostethus_fugax_LWS_RDT0100	ENA|ONZH01019223|ONZH01019223.1	88.889	171	19	0	574	744	64070	64240	5.32e-52	211
Leucostethus_fugax_LWS_RDT0100	ENA|ONZH01019223|ONZH01019223.1	89.189	111	12	0	1	111	59049	59159	2.55e-30	139
Limnodynastes_peronii_LWS_SRX5507031	ENA|ONZH01019223|ONZH01019223.1	87.333	300	36	2	109	407	62126	62424	1.81e-91	342
Limnodynastes_peronii_LWS_SRX5507031	ENA|ONZH01019223|ONZH01019223.1	87.283	173	20	2	406	577	63357	63528	1.49e-47	196
Limnodynastes_peronii_LWS_SRX5507031	ENA|ONZH01019223|ONZH01019223.1	86.713	143	19	0	574	716	64070	64212	1.95e-36	159
Lithodytes_lineatus_LWS_RDT0066	ENA|ONZH01019223|ONZH01019223.1	94.649	299	16	0	109	407	62126	62424	3.69e-128	464
Lithodytes_lineatus_LWS_RDT0066	ENA|ONZH01019223|ONZH01019223.1	92.149	242	19	0	740	981	64823	65064	1.80e-91	342
Lithodytes_lineatus_LWS_RDT0066	ENA|ONZH01019223|ONZH01019223.1	94.220	173	10	0	406	578	63357	63529	4.01e-68	265
Lithodytes_lineatus_LWS_RDT0066	ENA|ONZH01019223|ONZH01019223.1	91.176	170	15	0	574	743	64070	64239	4.07e-58	231
Lithodytes_lineatus_LWS_RDT0066	ENA|ONZH01019223|ONZH01019223.1	95.495	111	5	0	1	111	59049	59159	5.38e-42	178
Lithodytes_lineatus_LWS_RDT0066	ENA|ONZH01019223|ONZH01019223.1	92.241	116	9	0	980	1095	66367	66482	4.19e-38	165
Mannophryne_collaris_LWS_TNHCFS5595	ENA|ONZH01019223|ONZH01019223.1	91.973	299	24	0	109	407	62126	62424	8.09e-115	420
Mannophryne_collaris_LWS_TNHCFS5595	ENA|ONZH01019223|ONZH01019223.1	91.968	249	20	0	733	981	64816	65064	1.08e-93	350
Mannophryne_collaris_LWS_TNHCFS5595	ENA|ONZH01019223|ONZH01019223.1	93.064	173	12	0	406	578	63357	63529	8.69e-65	254
Mannophryne_collaris_LWS_TNHCFS5595	ENA|ONZH01019223|ONZH01019223.1	87.647	170	21	0	574	743	64070	64239	4.13e-48	198
Mannophryne_cordilleriana_LWS_TNHCFS5586	ENA|ONZH01019223|ONZH01019223.1	92.308	299	23	0	109	407	62126	62424	1.74e-116	425
Mannophryne_cordilleriana_LWS_TNHCFS5586	ENA|ONZH01019223|ONZH01019223.1	91.968	249	20	0	733	981	64816	65064	1.08e-93	350
Mannophryne_cordilleriana_LWS_TNHCFS5586	ENA|ONZH01019223|ONZH01019223.1	93.064	173	12	0	406	578	63357	63529	8.69e-65	254
Mannophryne_cordilleriana_LWS_TNHCFS5586	ENA|ONZH01019223|ONZH01019223.1	87.647	170	21	0	574	743	64070	64239	4.13e-48	198
Mannophryne_riveroi_LWS_TNHCFS5643	ENA|ONZH01019223|ONZH01019223.1	92.977	299	21	0	109	407	62126	62424	8.04e-120	436
Mannophryne_riveroi_LWS_TNHCFS5643	ENA|ONZH01019223|ONZH01019223.1	91.968	249	20	0	733	981	64816	65064	1.08e-93	350
Mannophryne_riveroi_LWS_TNHCFS5643	ENA|ONZH01019223|ONZH01019223.1	93.064	173	12	0	406	578	63357	63529	8.69e-65	254
Mannophryne_riveroi_LWS_TNHCFS5643	ENA|ONZH01019223|ONZH01019223.1	87.647	170	21	0	574	743	64070	64239	4.13e-48	198
Mannophryne_riveroi_LWS_TNHCFS5643	ENA|ONZH01019223|ONZH01019223.1	90.991	111	10	0	1	111	59049	59159	1.17e-33	150
Mannophryne_venezuelensis_LWS_TNHCFS5646	ENA|ONZH01019223|ONZH01019223.1	92.977	299	21	0	109	407	62126	62424	8.06e-120	436
Mannophryne_venezuelensis_LWS_TNHCFS5646	ENA|ONZH01019223|ONZH01019223.1	92.369	249	19	0	733	981	64816	65064	2.32e-95	355
Mannophryne_venezuelensis_LWS_TNHCFS5646	ENA|ONZH01019223|ONZH01019223.1	92.486	173	13	0	406	578	63357	63529	4.05e-63	248
Mannophryne_venezuelensis_LWS_TNHCFS5646	ENA|ONZH01019223|ONZH01019223.1	87.647	170	21	0	574	743	64070	64239	4.14e-48	198
Mannophryne_venezuelensis_LWS_TNHCFS5646	ENA|ONZH01019223|ONZH01019223.1	90.991	111	10	0	1	111	59049	59159	1.18e-33	150
Oreolalax_rhodostigmatus_LWS_SRX3371949M	ENA|ONZH01019223|ONZH01019223.1	83.908	261	40	2	109	368	62126	62385	4.05e-63	248
Osornophryne_antisana_LWS_SC5957	ENA|ONZH01019223|ONZH01019223.1	98.328	299	5	0	109	407	62126	62424	1.67e-146	525
Osornophryne_antisana_LWS_SC5957	ENA|ONZH01019223|ONZH01019223.1	96.281	242	9	0	740	981	64823	65064	3.79e-108	398
Osornophryne_antisana_LWS_SC5957	ENA|ONZH01019223|ONZH01019223.1	96.532	173	6	0	406	578	63357	63529	8.57e-75	287
Osornophryne_antisana_LWS_SC5957	ENA|ONZH01019223|ONZH01019223.1	95.322	171	8	0	573	743	64069	64239	2.40e-70	272
Osornophryne_antisana_LWS_SC5957	ENA|ONZH01019223|ONZH01019223.1	98.276	116	2	0	980	1095	66367	66482	8.87e-50	204
Osornophryne_antisana_LWS_SC5957	ENA|ONZH01019223|ONZH01019223.1	97.297	111	3	0	1	111	59049	59159	2.48e-45	189
Phyllobates_aurotaenia_LWS_RDT0126	ENA|ONZH01019223|ONZH01019223.1	91.973	299	24	0	109	407	62126	62424	8.09e-115	420
Phyllobates_aurotaenia_LWS_RDT0126	ENA|ONZH01019223|ONZH01019223.1	92.975	242	17	0	740	981	64823	65064	8.33e-95	353
Phyllobates_aurotaenia_LWS_RDT0126	ENA|ONZH01019223|ONZH01019223.1	90.751	173	16	0	406	578	63357	63529	4.07e-58	231
Phyllobates_aurotaenia_LWS_RDT0126	ENA|ONZH01019223|ONZH01019223.1	89.474	171	18	0	573	743	64069	64239	1.14e-53	217
Phyllobates_aurotaenia_LWS_RDT0126	ENA|ONZH01019223|ONZH01019223.1	90.090	111	11	0	1	111	59049	59159	5.46e-32	145
Phyllobates_terribilis_LWS_JCS	ENA|ONZH01019223|ONZH01019223.1	91.973	299	24	0	109	407	62126	62424	8.09e-115	420
Phyllobates_terribilis_LWS_JCS	ENA|ONZH01019223|ONZH01019223.1	93.388	242	16	0	740	981	64823	65064	1.79e-96	359
Phyllobates_terribilis_LWS_JCS	ENA|ONZH01019223|ONZH01019223.1	90.751	173	16	0	406	578	63357	63529	4.07e-58	231
Phyllobates_terribilis_LWS_JCS	ENA|ONZH01019223|ONZH01019223.1	89.474	171	18	0	573	743	64069	64239	1.14e-53	217
Phyllobates_terribilis_LWS_JCS	ENA|ONZH01019223|ONZH01019223.1	90.090	111	11	0	1	111	59049	59159	5.46e-32	145
Phyllobates_vittatus_LWS_JCS	ENA|ONZH01019223|ONZH01019223.1	91.973	299	24	0	109	407	62126	62424	8.12e-115	420
Phyllobates_vittatus_LWS_JCS	ENA|ONZH01019223|ONZH01019223.1	93.388	242	16	0	740	981	64823	65064	1.79e-96	359
Phyllobates_vittatus_LWS_JCS	ENA|ONZH01019223|ONZH01019223.1	91.908	173	14	0	406	578	63357	63529	1.89e-61	243
Phyllobates_vittatus_LWS_JCS	ENA|ONZH01019223|ONZH01019223.1	89.412	170	18	0	574	743	64070	64239	4.11e-53	215
Phyllobates_vittatus_LWS_JCS	ENA|ONZH01019223|ONZH01019223.1	90.090	111	11	0	1	111	59049	59159	5.47e-32	145
Rhinella_marina_LWS_ONZH01019223	ENA|ONZH01019223|ONZH01019223.1	100.000	299	0	0	109	407	62126	62424	7.67e-155	553
Rhinella_marina_LWS_ONZH01019223	ENA|ONZH01019223|ONZH01019223.1	100.000	242	0	0	740	981	64823	65064	3.72e-123	448
Rhinella_marina_LWS_ONZH01019223	ENA|ONZH01019223|ONZH01019223.1	100.000	173	0	0	406	578	63357	63529	8.47e-85	320
Rhinella_marina_LWS_ONZH01019223	ENA|ONZH01019223|ONZH01019223.1	100.000	170	0	0	574	743	64070	64239	3.94e-83	315
Rhinella_marina_LWS_ONZH01019223	ENA|ONZH01019223|ONZH01019223.1	100.000	119	0	0	980	1098	66367	66485	8.84e-55	220
Rhinella_marina_LWS_ONZH01019223	ENA|ONZH01019223|ONZH01019223.1	100.000	111	0	0	1	111	59049	59159	2.47e-50	206
Rhinella_spinulosa_LWS_SRX456145	ENA|ONZH01019223|ONZH01019223.1	98.997	299	3	0	109	407	62126	62424	7.72e-150	536
Rhinella_spinulosa_LWS_SRX456145	ENA|ONZH01019223|ONZH01019223.1	98.760	242	3	0	740	981	64823	65064	3.75e-118	431
Rhinella_spinulosa_LWS_SRX456145	ENA|ONZH01019223|ONZH01019223.1	98.830	171	2	0	573	743	64069	64239	2.37e-80	305
Rhinella_spinulosa_LWS_SRX456145	ENA|ONZH01019223|ONZH01019223.1	98.266	173	3	0	406	578	63357	63529	8.53e-80	303
Rhinella_spinulosa_LWS_SRX456145	ENA|ONZH01019223|ONZH01019223.1	98.319	119	2	0	980	1098	66367	66485	1.91e-51	209
Rhinella_spinulosa_LWS_SRX456145	ENA|ONZH01019223|ONZH01019223.1	98.198	111	2	0	1	111	59049	59159	5.36e-47	195
Scaphiopus_couchii_LWS_SRR7817222	ENA|ONZH01019223|ONZH01019223.1	80.588	170	33	0	580	749	64070	64239	4.28e-28	132
Silverstoneia_erasmios_LWS_RDT0158	ENA|ONZH01019223|ONZH01019223.1	94.314	299	17	0	109	407	62126	62424	1.72e-126	459
Silverstoneia_erasmios_LWS_RDT0158	ENA|ONZH01019223|ONZH01019223.1	92.975	242	17	0	740	981	64823	65064	8.33e-95	353
Silverstoneia_erasmios_LWS_RDT0158	ENA|ONZH01019223|ONZH01019223.1	91.329	173	15	0	406	578	63357	63529	8.75e-60	237
Silverstoneia_erasmios_LWS_RDT0158	ENA|ONZH01019223|ONZH01019223.1	90.000	170	17	0	574	743	64070	64239	8.81e-55	220
Silverstoneia_erasmios_LWS_RDT0158	ENA|ONZH01019223|ONZH01019223.1	90.090	111	11	0	1	111	59049	59159	5.46e-32	145
Silverstoneia_flotator_LWS_CF13Spbm	ENA|ONZH01019223|ONZH01019223.1	94.314	299	17	0	109	407	62126	62424	1.72e-126	459
Silverstoneia_flotator_LWS_CF13Spbm	ENA|ONZH01019223|ONZH01019223.1	92.975	242	17	0	740	981	64823	65064	8.33e-95	353
Silverstoneia_flotator_LWS_CF13Spbm	ENA|ONZH01019223|ONZH01019223.1	91.329	173	15	0	406	578	63357	63529	8.75e-60	237
Silverstoneia_flotator_LWS_CF13Spbm	ENA|ONZH01019223|ONZH01019223.1	89.412	170	18	0	574	743	64070	64239	4.10e-53	215
Silverstoneia_flotator_LWS_CF13Spbm	ENA|ONZH01019223|ONZH01019223.1	90.090	111	11	0	1	111	59049	59159	5.46e-32	145
Xenopus_tropicalis_LWS_NM0011028611	ENA|ONZH01019223|ONZH01019223.1	86.145	166	23	0	413	578	63364	63529	1.50e-42	180
