Adenomera_andreae_LWS_SC6428_JCS	CAJOBX010072427.1	93.416	243	16	0	739	981	66424	66182	3.68e-97	363
Adenomera_andreae_LWS_SC6428_JCS	CAJOBX010072427.1	90.683	161	15	0	418	578	68047	67887	1.09e-52	215
Adenomera_andreae_LWS_SC6428_JCS	CAJOBX010072427.1	90.991	111	10	0	1	111	71661	71551	3.12e-33	150
Agalychnis_spurrelli_LWS_1078	CAJOBX010072427.1	91.358	243	21	0	739	981	66424	66182	2.88e-88	333
Agalychnis_spurrelli_LWS_1078	CAJOBX010072427.1	91.304	161	14	0	417	577	68048	67888	2.34e-54	220
Allobates_femoralis_LWS_RDT0160	CAJOBX010072427.1	90.301	299	29	0	109	407	68817	68519	4.69e-106	392
Allobates_femoralis_LWS_RDT0160	CAJOBX010072427.1	95.062	243	12	0	739	981	66424	66182	2.82e-103	383
Allobates_femoralis_LWS_RDT0160	CAJOBX010072427.1	94.118	170	10	0	574	743	67639	67470	4.97e-66	259
Allobates_femoralis_LWS_RDT0160	CAJOBX010072427.1	93.529	170	11	0	409	578	68056	67887	2.31e-64	254
Allobates_femoralis_LWS_RDT0160	CAJOBX010072427.1	94.068	118	7	0	978	1095	65031	64914	3.98e-42	180
Allobates_femoralis_LWS_RDT0160	CAJOBX010072427.1	95.495	111	5	0	1	111	71661	71551	1.43e-41	178
Allobates_humilis_LWS_TNHCFS5555	CAJOBX010072427.1	91.973	299	24	0	109	407	68817	68519	2.15e-114	420
Allobates_humilis_LWS_TNHCFS5555	CAJOBX010072427.1	93.827	243	15	0	739	981	66424	66182	2.84e-98	366
Allobates_humilis_LWS_TNHCFS5555	CAJOBX010072427.1	95.882	170	7	0	574	743	67639	67470	4.93e-71	276
Allobates_humilis_LWS_TNHCFS5555	CAJOBX010072427.1	94.118	170	10	0	409	578	68056	67887	4.97e-66	259
Allobates_humilis_LWS_TNHCFS5555	CAJOBX010072427.1	94.915	118	6	0	978	1095	65031	64914	8.55e-44	185
Allobates_humilis_LWS_TNHCFS5555	CAJOBX010072427.1	95.495	111	5	0	1	111	71661	71551	1.43e-41	178
Allobates_juanii_LWS_TNHCFS4981	CAJOBX010072427.1	91.973	299	24	0	109	407	68817	68519	2.15e-114	420
Allobates_juanii_LWS_TNHCFS4981	CAJOBX010072427.1	93.827	243	15	0	739	981	66424	66182	2.84e-98	366
Allobates_juanii_LWS_TNHCFS4981	CAJOBX010072427.1	95.294	170	8	0	574	743	67639	67470	2.29e-69	270
Allobates_juanii_LWS_TNHCFS4981	CAJOBX010072427.1	94.706	170	9	0	409	578	68056	67887	1.07e-67	265
Allobates_juanii_LWS_TNHCFS4981	CAJOBX010072427.1	94.915	118	6	0	978	1095	65031	64914	8.55e-44	185
Allobates_kingsburyi_LWS_1146	CAJOBX010072427.1	92.308	299	23	0	109	407	68817	68519	4.63e-116	425
Allobates_kingsburyi_LWS_1146	CAJOBX010072427.1	95.062	243	12	0	739	981	66424	66182	2.82e-103	383
Allobates_kingsburyi_LWS_1146	CAJOBX010072427.1	95.294	170	8	0	574	743	67639	67470	2.29e-69	270
Allobates_kingsburyi_LWS_1146	CAJOBX010072427.1	94.706	170	9	0	409	578	68056	67887	1.07e-67	265
Allobates_kingsburyi_LWS_1146	CAJOBX010072427.1	94.915	118	6	0	978	1095	65031	64914	8.55e-44	185
Allobates_talamancae_LWS_RDT0141	CAJOBX010072427.1	93.311	299	20	0	109	407	68817	68519	4.59e-121	442
Allobates_talamancae_LWS_RDT0141	CAJOBX010072427.1	94.239	243	14	0	739	981	66424	66182	6.11e-100	372
Allobates_talamancae_LWS_RDT0141	CAJOBX010072427.1	94.118	170	10	0	574	743	67639	67470	4.97e-66	259
Allobates_talamancae_LWS_RDT0141	CAJOBX010072427.1	91.765	170	14	0	409	578	68056	67887	2.33e-59	237
Allobates_talamancae_LWS_RDT0141	CAJOBX010072427.1	95.495	111	5	0	1	111	71661	71551	1.43e-41	178
Allobates_talamancae_LWS_RDT0141	CAJOBX010072427.1	93.220	118	8	0	978	1095	65031	64914	1.85e-40	174
Allobates_zaparo_LWS_RDT0102	CAJOBX010072427.1	89.967	299	30	0	109	407	68817	68519	2.18e-104	387
Allobates_zaparo_LWS_RDT0102	CAJOBX010072427.1	94.239	243	14	0	739	981	66424	66182	6.11e-100	372
Allobates_zaparo_LWS_RDT0102	CAJOBX010072427.1	94.118	170	10	0	574	743	67639	67470	4.97e-66	259
Allobates_zaparo_LWS_RDT0102	CAJOBX010072427.1	93.529	170	11	0	409	578	68056	67887	2.31e-64	254
Allobates_zaparo_LWS_RDT0102	CAJOBX010072427.1	94.068	118	7	0	978	1095	65031	64914	3.98e-42	180
Allobates_zaparo_LWS_RDT0102	CAJOBX010072427.1	95.495	111	5	0	1	111	71661	71551	1.43e-41	178
Amazophrynella_minuta_LWS_RDT0093	CAJOBX010072427.1	88.294	299	35	0	109	407	68817	68519	4.76e-96	359
Amazophrynella_minuta_LWS_RDT0093	CAJOBX010072427.1	91.770	243	20	0	739	981	66424	66182	6.20e-90	339
Amazophrynella_minuta_LWS_RDT0093	CAJOBX010072427.1	92.398	171	11	2	409	578	68056	67887	5.00e-61	243
Amazophrynella_minuta_LWS_RDT0093	CAJOBX010072427.1	87.209	172	22	0	573	744	67640	67469	3.95e-47	196
Amazophrynella_minuta_LWS_RDT0093	CAJOBX010072427.1	94.017	117	7	0	978	1094	65031	64915	1.43e-41	178
Amazophrynella_minuta_LWS_RDT0093	CAJOBX010072427.1	90.090	111	11	0	1	111	71661	71551	1.45e-31	145
Ameerega_bassleri_LWS_16275	CAJOBX010072427.1	93.311	299	20	0	109	407	68817	68519	4.59e-121	442
Ameerega_bassleri_LWS_16275	CAJOBX010072427.1	96.296	243	9	0	739	981	66424	66182	2.80e-108	399
Ameerega_bassleri_LWS_16275	CAJOBX010072427.1	97.059	170	5	0	409	578	68056	67887	2.28e-74	287
Ameerega_bassleri_LWS_16275	CAJOBX010072427.1	95.294	170	8	0	574	743	67639	67470	2.29e-69	270
Ameerega_bassleri_LWS_16275	CAJOBX010072427.1	95.763	118	5	0	978	1095	65031	64914	1.84e-45	191
Ameerega_bassleri_LWS_16275	CAJOBX010072427.1	95.495	111	5	0	1	111	71661	71551	1.43e-41	178
Ameerega_bilinguis_LWS_RDT0101	CAJOBX010072427.1	92.642	299	22	0	109	407	68817	68519	9.94e-118	431
Ameerega_bilinguis_LWS_RDT0101	CAJOBX010072427.1	94.650	243	13	0	739	981	66424	66182	1.31e-101	377
Ameerega_bilinguis_LWS_RDT0101	CAJOBX010072427.1	96.471	170	6	0	409	578	68056	67887	1.06e-72	281
Ameerega_bilinguis_LWS_RDT0101	CAJOBX010072427.1	95.294	170	8	0	574	743	67639	67470	2.29e-69	270
Ameerega_bilinguis_LWS_RDT0101	CAJOBX010072427.1	96.610	118	4	0	978	1095	65031	64914	3.95e-47	196
Ameerega_bilinguis_LWS_RDT0101	CAJOBX010072427.1	95.495	111	5	0	1	111	71661	71551	1.43e-41	178
Ameerega_hahneli_LWS_RDT0089	CAJOBX010072427.1	92.977	299	21	0	109	407	68817	68519	2.14e-119	436
Ameerega_hahneli_LWS_RDT0089	CAJOBX010072427.1	96.667	240	8	0	742	981	66421	66182	2.80e-108	399
Ameerega_hahneli_LWS_RDT0089	CAJOBX010072427.1	98.235	170	3	0	409	578	68056	67887	1.05e-77	298
Ameerega_hahneli_LWS_RDT0089	CAJOBX010072427.1	95.294	170	8	0	574	743	67639	67470	2.29e-69	270
Ameerega_hahneli_LWS_RDT0089	CAJOBX010072427.1	95.763	118	5	0	978	1095	65031	64914	1.84e-45	191
Ameerega_hahneli_LWS_RDT0089	CAJOBX010072427.1	96.396	111	4	0	1	111	71661	71551	3.07e-43	183
Ameerega_parvula_LWS_TNHCFS1776	CAJOBX010072427.1	92.977	299	21	0	109	407	68817	68519	2.14e-119	436
Ameerega_parvula_LWS_TNHCFS1776	CAJOBX010072427.1	95.062	243	12	0	739	981	66424	66182	2.82e-103	383
Ameerega_parvula_LWS_TNHCFS1776	CAJOBX010072427.1	97.647	170	4	0	409	578	68056	67887	4.90e-76	292
Ameerega_parvula_LWS_TNHCFS1776	CAJOBX010072427.1	95.882	170	7	0	574	743	67639	67470	4.93e-71	276
Ameerega_parvula_LWS_TNHCFS1776	CAJOBX010072427.1	96.610	118	4	0	978	1095	65031	64914	3.95e-47	196
Ameerega_parvula_LWS_TNHCFS1776	CAJOBX010072427.1	95.495	111	5	0	1	111	71661	71551	1.43e-41	178
Ameerega_trivittata_LWS_RDT0162	CAJOBX010072427.1	93.980	299	18	0	109	407	68817	68519	2.12e-124	453
Ameerega_trivittata_LWS_RDT0162	CAJOBX010072427.1	97.119	243	7	0	739	981	66424	66182	1.30e-111	411
Ameerega_trivittata_LWS_RDT0162	CAJOBX010072427.1	98.235	170	3	0	409	578	68056	67887	1.05e-77	298
Ameerega_trivittata_LWS_RDT0162	CAJOBX010072427.1	95.882	170	7	0	574	743	67639	67470	4.93e-71	276
Ameerega_trivittata_LWS_RDT0162	CAJOBX010072427.1	94.915	118	6	0	978	1095	65031	64914	8.55e-44	185
Ameerega_trivittata_LWS_RDT0162	CAJOBX010072427.1	95.495	111	5	0	1	111	71661	71551	1.43e-41	178
Anomaloglossus_verbeeksnyderorum_LWS_TNHCFS5627	CAJOBX010072427.1	91.694	301	25	0	109	409	68817	68517	7.74e-114	418
Anomaloglossus_verbeeksnyderorum_LWS_TNHCFS5627	CAJOBX010072427.1	95.473	243	11	0	739	981	66424	66182	6.07e-105	388
Anomaloglossus_verbeeksnyderorum_LWS_TNHCFS5627	CAJOBX010072427.1	97.076	171	5	0	574	744	67639	67469	6.33e-75	289
Anomaloglossus_verbeeksnyderorum_LWS_TNHCFS5627	CAJOBX010072427.1	96.471	170	6	0	409	578	68056	67887	1.06e-72	281
Anomaloglossus_verbeeksnyderorum_LWS_TNHCFS5627	CAJOBX010072427.1	97.458	118	3	0	978	1095	65031	64914	8.49e-49	202
Anomaloglossus_verbeeksnyderorum_LWS_TNHCFS5627	CAJOBX010072427.1	95.495	111	5	0	1	111	71661	71551	1.43e-41	178
Aromobates_albogutatussp2_LWS_TNHCFS5540	CAJOBX010072427.1	91.973	299	24	0	109	407	68817	68519	2.15e-114	420
Aromobates_albogutatussp2_LWS_TNHCFS5540	CAJOBX010072427.1	95.868	242	10	0	740	981	66423	66182	4.69e-106	392
Aromobates_albogutatussp2_LWS_TNHCFS5540	CAJOBX010072427.1	97.059	170	5	0	409	578	68056	67887	2.28e-74	287
Aromobates_albogutatussp2_LWS_TNHCFS5540	CAJOBX010072427.1	93.529	170	11	0	574	743	67639	67470	2.31e-64	254
Aromobates_albogutatussp2_LWS_TNHCFS5540	CAJOBX010072427.1	96.610	118	4	0	978	1095	65031	64914	3.95e-47	196
Aromobates_albogutatussp2_LWS_TNHCFS5540	CAJOBX010072427.1	95.495	111	5	0	1	111	71661	71551	1.43e-41	178
Aromobates_saltuensis_LWS_TNHCFS5549	CAJOBX010072427.1	92.308	299	23	0	109	407	68817	68519	4.63e-116	425
Aromobates_saltuensis_LWS_TNHCFS5549	CAJOBX010072427.1	95.868	242	10	0	740	981	66423	66182	4.69e-106	392
Aromobates_saltuensis_LWS_TNHCFS5549	CAJOBX010072427.1	97.059	170	5	0	409	578	68056	67887	2.28e-74	287
Aromobates_saltuensis_LWS_TNHCFS5549	CAJOBX010072427.1	92.353	170	13	0	574	743	67639	67470	5.00e-61	243
Aromobates_saltuensis_LWS_TNHCFS5549	CAJOBX010072427.1	97.458	118	3	0	978	1095	65031	64914	8.49e-49	202
Aromobates_saltuensis_LWS_TNHCFS5549	CAJOBX010072427.1	95.495	111	5	0	1	111	71661	71551	1.43e-41	178
Atelopus_exiguus_LWS_QCAZA21123	CAJOBX010072427.1	95.062	243	12	0	739	981	66424	66182	2.82e-103	383
Atelopus_exiguus_LWS_QCAZA21123	CAJOBX010072427.1	88.235	306	34	2	109	412	68817	68512	1.02e-97	364
Atelopus_exiguus_LWS_QCAZA21123	CAJOBX010072427.1	96.296	162	6	0	417	578	68048	67887	2.97e-68	267
Atelopus_exiguus_LWS_QCAZA21123	CAJOBX010072427.1	89.474	171	18	0	573	743	67640	67470	3.03e-53	217
Atelopus_exiguus_LWS_QCAZA21123	CAJOBX010072427.1	91.892	111	9	0	1	111	71661	71551	6.70e-35	156
Atelopus_flavescens_LWS_AF1845	CAJOBX010072427.1	94.239	243	14	0	739	981	66424	66182	6.11e-100	372
Atelopus_flavescens_LWS_AF1845	CAJOBX010072427.1	88.629	299	34	0	109	407	68817	68519	1.02e-97	364
Atelopus_flavescens_LWS_AF1845	CAJOBX010072427.1	95.062	162	8	0	417	578	68048	67887	6.42e-65	255
Atelopus_flavescens_LWS_AF1845	CAJOBX010072427.1	91.892	111	9	0	1	111	71661	71551	6.70e-35	156
Atelopus_ignescens_LWS_SC5694	CAJOBX010072427.1	95.062	243	12	0	739	981	66424	66182	2.82e-103	383
Atelopus_ignescens_LWS_SC5694	CAJOBX010072427.1	88.235	306	34	2	109	412	68817	68512	1.02e-97	364
Atelopus_ignescens_LWS_SC5694	CAJOBX010072427.1	95.679	162	7	0	417	578	68048	67887	1.38e-66	261
Atelopus_ignescens_LWS_SC5694	CAJOBX010072427.1	89.474	171	18	0	573	743	67640	67470	3.03e-53	217
Atelopus_ignescens_LWS_SC5694	CAJOBX010072427.1	91.892	111	9	0	1	111	71661	71551	6.70e-35	156
Atelopus_limosus_LWS_RDT0357	CAJOBX010072427.1	94.650	243	13	0	739	981	66424	66182	1.31e-101	377
Atelopus_limosus_LWS_RDT0357	CAJOBX010072427.1	88.889	306	32	2	109	412	68817	68512	4.73e-101	375
Atelopus_limosus_LWS_RDT0357	CAJOBX010072427.1	95.062	162	8	0	417	578	68048	67887	6.42e-65	255
Atelopus_limosus_LWS_RDT0357	CAJOBX010072427.1	89.474	171	18	0	573	743	67640	67470	3.03e-53	217
Atelopus_limosus_LWS_RDT0357	CAJOBX010072427.1	91.892	111	9	0	1	111	71661	71551	6.70e-35	156
Atelopus_newspecies_LWS_CPTG1021	CAJOBX010072427.1	95.062	243	12	0	739	981	66424	66182	2.82e-103	383
Atelopus_newspecies_LWS_CPTG1021	CAJOBX010072427.1	94.444	162	9	0	417	578	68048	67887	2.99e-63	250
Atelopus_newspecies_LWS_CPTG1021	CAJOBX010072427.1	89.412	170	18	0	574	743	67639	67470	1.09e-52	215
Atelopus_newspecies_LWS_CPTG1021	CAJOBX010072427.1	91.892	111	9	0	1	111	71661	71551	6.70e-35	156
Atelopus_spumarius_LWS_SC419	CAJOBX010072427.1	94.239	243	14	0	739	981	66424	66182	6.11e-100	372
Atelopus_spumarius_LWS_SC419	CAJOBX010072427.1	88.235	306	34	2	109	412	68817	68512	1.02e-97	364
Atelopus_spumarius_LWS_SC419	CAJOBX010072427.1	95.062	162	8	0	417	578	68048	67887	6.42e-65	255
Atelopus_spumarius_LWS_SC419	CAJOBX010072427.1	91.892	111	9	0	1	111	71661	71551	6.70e-35	156
Atelopus_varius_LWS_RDT0351	CAJOBX010072427.1	95.062	243	12	0	739	981	66424	66182	2.82e-103	383
Atelopus_varius_LWS_RDT0351	CAJOBX010072427.1	88.889	306	32	2	109	412	68817	68512	4.73e-101	375
Atelopus_varius_LWS_RDT0351	CAJOBX010072427.1	95.062	162	8	0	417	578	68048	67887	6.42e-65	255
Atelopus_varius_LWS_RDT0351	CAJOBX010072427.1	89.474	171	18	0	573	743	67640	67470	3.03e-53	217
Atelopus_varius_LWS_RDT0351	CAJOBX010072427.1	91.892	111	9	0	1	111	71661	71551	6.70e-35	156
Brachycephalus_brunneus_LWS_DZUP511BPT5	CAJOBX010072427.1	88.333	300	33	2	109	407	68817	68519	4.76e-96	359
Brachycephalus_brunneus_LWS_DZUP511BPT5	CAJOBX010072427.1	91.358	243	21	0	739	981	66424	66182	2.88e-88	333
Brachycephalus_brunneus_LWS_DZUP511BPT5	CAJOBX010072427.1	89.412	170	18	0	409	578	68056	67887	1.09e-52	215
Brachycephalus_brunneus_LWS_DZUP511BPT5	CAJOBX010072427.1	92.373	118	9	0	978	1095	65031	64914	8.61e-39	169
Brachycephalus_izeckesohni_LWS_DZUP561B103	CAJOBX010072427.1	88.333	300	33	2	109	407	68817	68519	4.76e-96	359
Brachycephalus_izeckesohni_LWS_DZUP561B103	CAJOBX010072427.1	91.358	243	21	0	739	981	66424	66182	2.88e-88	333
Brachycephalus_izeckesohni_LWS_DZUP561B103	CAJOBX010072427.1	90.000	170	17	0	409	578	68056	67887	2.34e-54	220
Brachycephalus_izeckesohni_LWS_DZUP561B103	CAJOBX010072427.1	92.373	118	9	0	978	1095	65031	64914	8.61e-39	169
Brachycephalus_pernix_LWS_DZUP556A38	CAJOBX010072427.1	88.333	300	33	2	109	407	68817	68519	4.76e-96	359
Brachycephalus_pernix_LWS_DZUP556A38	CAJOBX010072427.1	90.947	243	22	0	739	981	66424	66182	1.34e-86	327
Brachycephalus_pernix_LWS_DZUP556A38	CAJOBX010072427.1	91.765	170	14	0	409	578	68056	67887	2.33e-59	237
Brachycephalus_pernix_LWS_DZUP556A38	CAJOBX010072427.1	92.373	118	9	0	978	1095	65031	64914	8.61e-39	169
Brachycephalus_pernix_LWS_DZUP556A38	CAJOBX010072427.1	90.991	111	10	0	1	111	71661	71551	3.12e-33	150
Brachycephalus_pombali_LWS_DZUP215MP3	CAJOBX010072427.1	88.333	300	33	2	109	407	68817	68519	4.76e-96	359
Brachycephalus_pombali_LWS_DZUP215MP3	CAJOBX010072427.1	91.358	243	21	0	739	981	66424	66182	2.88e-88	333
Brachycephalus_pombali_LWS_DZUP215MP3	CAJOBX010072427.1	91.765	170	14	0	409	578	68056	67887	2.33e-59	237
Brachycephalus_pombali_LWS_DZUP215MP3	CAJOBX010072427.1	92.373	118	9	0	978	1095	65031	64914	8.61e-39	169
Brachycephalus_pombali_LWS_DZUP215MP3	CAJOBX010072427.1	90.991	111	10	0	1	111	71661	71551	3.12e-33	150
Centrolene_heloderma_LWS_SC611	CAJOBX010072427.1	92.369	249	19	0	733	981	66430	66182	6.16e-95	355
Centrolene_heloderma_LWS_SC611	CAJOBX010072427.1	87.622	307	34	4	109	412	68817	68512	2.21e-94	353
Centrolene_heloderma_LWS_SC611	CAJOBX010072427.1	91.463	164	14	0	415	578	68050	67887	5.04e-56	226
Centrolene_heloderma_LWS_SC611	CAJOBX010072427.1	88.344	163	19	0	573	735	67640	67478	3.95e-47	196
Ceratophrys_cornuta_LWS_JCS	CAJOBX010072427.1	93.416	243	16	0	739	981	66424	66182	1.32e-96	361
Ceratophrys_cornuta_LWS_JCS	CAJOBX010072427.1	87.948	307	35	2	108	412	68818	68512	1.32e-96	361
Ceratophrys_cornuta_LWS_JCS	CAJOBX010072427.1	91.617	167	14	0	412	578	68053	67887	1.08e-57	231
Ceratophrys_cornuta_LWS_JCS	CAJOBX010072427.1	89.412	170	18	0	574	743	67639	67470	1.09e-52	215
Ceratophrys_cornuta_LWS_JCS	CAJOBX010072427.1	87.387	111	14	0	1	111	71661	71551	1.46e-26	128
Cochranella_resplendens_LWS_SC6447	CAJOBX010072427.1	87.622	307	34	4	109	412	68817	68512	2.21e-94	353
Cochranella_resplendens_LWS_SC6447	CAJOBX010072427.1	91.165	249	22	0	733	981	66430	66182	6.20e-90	339
Cochranella_resplendens_LWS_SC6447	CAJOBX010072427.1	94.512	164	9	0	415	578	68050	67887	2.31e-64	254
Colostethus_panamansis_LWS_Cin1she	CAJOBX010072427.1	94.314	299	17	0	109	407	68817	68519	4.56e-126	459
Colostethus_panamansis_LWS_Cin1she	CAJOBX010072427.1	97.531	243	6	0	739	981	66424	66182	2.78e-113	416
Colostethus_panamansis_LWS_Cin1she	CAJOBX010072427.1	97.647	170	4	0	409	578	68056	67887	4.90e-76	292
Colostethus_panamansis_LWS_Cin1she	CAJOBX010072427.1	95.882	170	7	0	574	743	67639	67470	4.93e-71	276
Colostethus_panamansis_LWS_Cin1she	CAJOBX010072427.1	95.763	118	5	0	978	1095	65031	64914	1.84e-45	191
Colostethus_panamansis_LWS_Cin1she	CAJOBX010072427.1	96.396	111	4	0	1	111	71661	71551	3.07e-43	183
Colostethus_pratti_LWS_Csp1Cilico	CAJOBX010072427.1	93.980	299	18	0	109	407	68817	68519	2.12e-124	453
Colostethus_pratti_LWS_Csp1Cilico	CAJOBX010072427.1	96.708	243	8	0	739	981	66424	66182	6.03e-110	405
Colostethus_pratti_LWS_Csp1Cilico	CAJOBX010072427.1	97.647	170	4	0	409	578	68056	67887	4.90e-76	292
Colostethus_pratti_LWS_Csp1Cilico	CAJOBX010072427.1	95.882	170	7	0	574	743	67639	67470	4.93e-71	276
Colostethus_pratti_LWS_Csp1Cilico	CAJOBX010072427.1	96.610	118	4	0	978	1095	65031	64914	3.95e-47	196
Colostethus_pratti_LWS_Csp1Cilico	CAJOBX010072427.1	95.495	111	5	0	1	111	71661	71551	1.43e-41	178
Craugastor_longirostris_LWS_SC5733	CAJOBX010072427.1	88.925	307	30	4	109	412	68817	68512	4.73e-101	375
Craugastor_longirostris_LWS_SC5733	CAJOBX010072427.1	92.593	243	18	0	739	981	66424	66182	2.86e-93	350
Craugastor_longirostris_LWS_SC5733	CAJOBX010072427.1	95.210	167	8	0	412	578	68053	67887	1.07e-67	265
Craugastor_longirostris_LWS_SC5733	CAJOBX010072427.1	90.090	111	11	0	1	111	71661	71551	1.45e-31	145
Dendrobates_auratus_LWS_Daur7	CAJOBX010072427.1	96.990	299	9	0	109	407	68817	68519	2.08e-139	503
Dendrobates_auratus_LWS_Daur7	CAJOBX010072427.1	97.119	243	7	0	739	981	66424	66182	1.30e-111	411
Dendrobates_auratus_LWS_Daur7	CAJOBX010072427.1	98.246	171	3	0	573	743	67640	67470	2.93e-78	300
Dendrobates_auratus_LWS_Daur7	CAJOBX010072427.1	94.798	173	9	0	406	578	68059	67887	2.29e-69	270
Dendrobates_auratus_LWS_Daur7	CAJOBX010072427.1	97.458	118	3	0	978	1095	65031	64914	8.49e-49	202
Dendrobates_auratus_LWS_Daur7	CAJOBX010072427.1	96.396	111	4	0	1	111	71661	71551	3.07e-43	183
Dendrobates_bombetes_LWS_TNHCFS4972	CAJOBX010072427.1	98.997	299	3	0	109	407	68817	68519	2.05e-149	536
Dendrobates_bombetes_LWS_TNHCFS4972	CAJOBX010072427.1	97.531	243	6	0	739	981	66424	66182	2.78e-113	416
Dendrobates_bombetes_LWS_TNHCFS4972	CAJOBX010072427.1	99.422	173	1	0	406	578	68059	67887	1.04e-82	315
Dendrobates_bombetes_LWS_TNHCFS4972	CAJOBX010072427.1	98.830	171	2	0	573	743	67640	67470	6.29e-80	305
Dendrobates_bombetes_LWS_TNHCFS4972	CAJOBX010072427.1	99.153	118	1	0	978	1095	65031	64914	3.92e-52	213
Dendrobates_bombetes_LWS_TNHCFS4972	CAJOBX010072427.1	99.099	111	1	0	1	111	71661	71551	3.05e-48	200
Dendrobates_captivus_LWS_CJ5042	CAJOBX010072427.1	97.659	299	7	0	109	407	68817	68519	9.60e-143	514
Dendrobates_captivus_LWS_CJ5042	CAJOBX010072427.1	97.531	243	6	0	739	981	66424	66182	2.78e-113	416
Dendrobates_captivus_LWS_CJ5042	CAJOBX010072427.1	98.266	173	3	0	406	578	68059	67887	2.26e-79	303
Dendrobates_captivus_LWS_CJ5042	CAJOBX010072427.1	98.246	171	3	0	573	743	67640	67470	2.93e-78	300
Dendrobates_captivus_LWS_CJ5042	CAJOBX010072427.1	99.099	111	1	0	1	111	71661	71551	3.05e-48	200
Dendrobates_captivus_LWS_CJ5042	CAJOBX010072427.1	96.610	118	4	0	978	1095	65031	64914	3.95e-47	196
Dendrobates_fantasticus_LWS_KS29	CAJOBX010072427.1	98.662	299	4	0	109	407	68817	68519	9.53e-148	531
Dendrobates_fantasticus_LWS_KS29	CAJOBX010072427.1	98.354	243	4	0	739	981	66424	66182	1.29e-116	427
Dendrobates_fantasticus_LWS_KS29	CAJOBX010072427.1	99.422	173	1	0	571	743	67642	67470	1.04e-82	315
Dendrobates_fantasticus_LWS_KS29	CAJOBX010072427.1	100.000	165	0	0	406	570	68059	67895	6.29e-80	305
Dendrobates_fantasticus_LWS_KS29	CAJOBX010072427.1	100.000	111	0	0	1	111	71661	71551	6.56e-50	206
Dendrobates_fantasticus_LWS_KS29	CAJOBX010072427.1	97.458	118	3	0	978	1095	65031	64914	8.49e-49	202
Dendrobates_fulguritus_LWS_RDT0129	CAJOBX010072427.1	98.997	299	3	0	109	407	68817	68519	2.05e-149	536
Dendrobates_fulguritus_LWS_RDT0129	CAJOBX010072427.1	97.119	243	7	0	739	981	66424	66182	1.30e-111	411
Dendrobates_fulguritus_LWS_RDT0129	CAJOBX010072427.1	100.000	173	0	0	406	578	68059	67887	2.25e-84	320
Dendrobates_fulguritus_LWS_RDT0129	CAJOBX010072427.1	99.415	171	1	0	574	744	67639	67469	1.35e-81	311
Dendrobates_fulguritus_LWS_RDT0129	CAJOBX010072427.1	98.305	118	2	0	978	1095	65031	64914	1.82e-50	207
Dendrobates_fulguritus_LWS_RDT0129	CAJOBX010072427.1	99.099	111	1	0	1	111	71661	71551	3.05e-48	200
Dendrobates_galactonotus_LWS_CJmuscle	CAJOBX010072427.1	96.656	299	10	0	109	407	68817	68519	9.67e-138	497
Dendrobates_galactonotus_LWS_CJmuscle	CAJOBX010072427.1	98.354	243	4	0	739	981	66424	66182	1.29e-116	427
Dendrobates_galactonotus_LWS_CJmuscle	CAJOBX010072427.1	98.830	171	2	0	573	743	67640	67470	6.29e-80	305
Dendrobates_galactonotus_LWS_CJmuscle	CAJOBX010072427.1	96.532	173	6	0	406	578	68059	67887	2.28e-74	287
Dendrobates_galactonotus_LWS_CJmuscle	CAJOBX010072427.1	98.305	118	2	0	978	1095	65031	64914	1.82e-50	207
Dendrobates_galactonotus_LWS_CJmuscle	CAJOBX010072427.1	96.396	111	4	0	1	111	71661	71551	3.07e-43	183
Dendrobates_histrionicus_LWS_TNHCFS4986	CAJOBX010072427.1	96.990	299	9	0	109	407	68817	68519	2.08e-139	503
Dendrobates_histrionicus_LWS_TNHCFS4986	CAJOBX010072427.1	97.531	243	6	0	739	981	66424	66182	2.78e-113	416
Dendrobates_histrionicus_LWS_TNHCFS4986	CAJOBX010072427.1	98.266	173	3	0	406	578	68059	67887	2.26e-79	303
Dendrobates_histrionicus_LWS_TNHCFS4986	CAJOBX010072427.1	98.246	171	3	0	573	743	67640	67470	2.93e-78	300
Dendrobates_histrionicus_LWS_TNHCFS4986	CAJOBX010072427.1	98.305	118	2	0	978	1095	65031	64914	1.82e-50	207
Dendrobates_histrionicus_LWS_TNHCFS4986	CAJOBX010072427.1	99.099	111	1	0	1	111	71661	71551	3.05e-48	200
Dendrobates_imitator_LWS_SRX5090076	CAJOBX010072427.1	99.666	299	1	0	109	407	68817	68519	9.46e-153	547
Dendrobates_imitator_LWS_SRX5090076	CAJOBX010072427.1	98.354	243	4	0	739	981	66424	66182	1.29e-116	427
Dendrobates_imitator_LWS_SRX5090076	CAJOBX010072427.1	100.000	173	0	0	571	743	67642	67470	2.25e-84	320
Dendrobates_imitator_LWS_SRX5090076	CAJOBX010072427.1	100.000	165	0	0	406	570	68059	67895	6.29e-80	305
Dendrobates_imitator_LWS_SRX5090076	CAJOBX010072427.1	100.000	118	0	0	978	1095	65031	64914	8.43e-54	219
Dendrobates_imitator_LWS_SRX5090076	CAJOBX010072427.1	97.297	111	3	0	1	111	71661	71551	6.61e-45	189
Dendrobates_leucomelas_LWS_TNHCFS5625	CAJOBX010072427.1	97.659	299	7	0	109	407	68817	68519	9.60e-143	514
Dendrobates_leucomelas_LWS_TNHCFS5625	CAJOBX010072427.1	96.708	243	8	0	739	981	66424	66182	6.03e-110	405
Dendrobates_leucomelas_LWS_TNHCFS5625	CAJOBX010072427.1	98.246	171	3	0	573	743	67640	67470	2.93e-78	300
Dendrobates_leucomelas_LWS_TNHCFS5625	CAJOBX010072427.1	95.954	173	7	0	406	578	68059	67887	1.06e-72	281
Dendrobates_leucomelas_LWS_TNHCFS5625	CAJOBX010072427.1	97.458	118	3	0	978	1095	65031	64914	8.49e-49	202
Dendrobates_leucomelas_LWS_TNHCFS5625	CAJOBX010072427.1	97.297	111	3	0	1	111	71661	71551	6.61e-45	189
Dendrobates_pumilio_LWS_SRR8275033	CAJOBX010072427.1	96.990	299	9	0	109	407	68817	68519	2.08e-139	503
Dendrobates_pumilio_LWS_SRR8275033	CAJOBX010072427.1	97.531	243	6	0	739	981	66424	66182	2.78e-113	416
Dendrobates_pumilio_LWS_SRR8275033	CAJOBX010072427.1	98.844	173	2	0	406	578	68059	67887	4.86e-81	309
Dendrobates_pumilio_LWS_SRR8275033	CAJOBX010072427.1	98.235	170	3	0	574	743	67639	67470	1.05e-77	298
Dendrobates_pumilio_LWS_SRR8275033	CAJOBX010072427.1	98.305	118	2	0	978	1095	65031	64914	1.82e-50	207
Dendrobates_pumilio_LWS_SRR8275033	CAJOBX010072427.1	99.099	111	1	0	1	111	71661	71551	3.05e-48	200
Dendrobates_tinctorius_LWS_Dtinct2	CAJOBX010072427.1	97.324	299	8	0	109	407	68817	68519	4.47e-141	508
Dendrobates_tinctorius_LWS_Dtinct2	CAJOBX010072427.1	97.119	243	7	0	739	981	66424	66182	1.30e-111	411
Dendrobates_tinctorius_LWS_Dtinct2	CAJOBX010072427.1	98.246	171	3	0	573	743	67640	67470	2.93e-78	300
Dendrobates_tinctorius_LWS_Dtinct2	CAJOBX010072427.1	95.376	173	8	0	406	578	68059	67887	4.93e-71	276
Dendrobates_tinctorius_LWS_Dtinct2	CAJOBX010072427.1	96.610	118	4	0	978	1095	65031	64914	3.95e-47	196
Dendrobates_tinctorius_LWS_Dtinct2	CAJOBX010072427.1	96.396	111	4	0	1	111	71661	71551	3.07e-43	183
Dendrobates_ventrimaculatus_LWS_JCS	CAJOBX010072427.1	98.997	299	3	0	109	407	68817	68519	2.05e-149	536
Dendrobates_ventrimaculatus_LWS_JCS	CAJOBX010072427.1	98.354	243	4	0	739	981	66424	66182	1.29e-116	427
Dendrobates_ventrimaculatus_LWS_JCS	CAJOBX010072427.1	100.000	173	0	0	406	578	68059	67887	2.25e-84	320
Dendrobates_ventrimaculatus_LWS_JCS	CAJOBX010072427.1	98.824	170	2	0	574	743	67639	67470	2.26e-79	303
Dendrobates_ventrimaculatus_LWS_JCS	CAJOBX010072427.1	98.305	118	2	0	978	1095	65031	64914	1.82e-50	207
Dendrobates_ventrimaculatus_LWS_JCS	CAJOBX010072427.1	99.099	111	1	0	1	111	71661	71551	3.05e-48	200
Epipedobates_anthonyi_LWS_TNHCFS6865	CAJOBX010072427.1	92.977	299	21	0	109	407	68817	68519	2.14e-119	436
Epipedobates_anthonyi_LWS_TNHCFS6865	CAJOBX010072427.1	95.062	243	12	0	739	981	66424	66182	2.82e-103	383
Epipedobates_anthonyi_LWS_TNHCFS6865	CAJOBX010072427.1	97.647	170	4	0	409	578	68056	67887	4.90e-76	292
Epipedobates_anthonyi_LWS_TNHCFS6865	CAJOBX010072427.1	96.471	170	6	0	574	743	67639	67470	1.06e-72	281
Epipedobates_anthonyi_LWS_TNHCFS6865	CAJOBX010072427.1	95.763	118	5	0	978	1095	65031	64914	1.84e-45	191
Epipedobates_anthonyi_LWS_TNHCFS6865	CAJOBX010072427.1	97.297	111	3	0	1	111	71661	71551	6.61e-45	189
Epipedobates_boulengerisEspinosai_LWS_RDT0026	CAJOBX010072427.1	93.311	299	20	0	109	407	68817	68519	4.59e-121	442
Epipedobates_boulengerisEspinosai_LWS_RDT0026	CAJOBX010072427.1	95.062	243	12	0	739	981	66424	66182	2.82e-103	383
Epipedobates_boulengerisEspinosai_LWS_RDT0026	CAJOBX010072427.1	98.235	170	3	0	409	578	68056	67887	1.05e-77	298
Epipedobates_boulengerisEspinosai_LWS_RDT0026	CAJOBX010072427.1	95.882	170	7	0	574	743	67639	67470	4.93e-71	276
Epipedobates_boulengerisEspinosai_LWS_RDT0026	CAJOBX010072427.1	95.763	118	5	0	978	1095	65031	64914	1.84e-45	191
Epipedobates_boulengerisEspinosai_LWS_RDT0026	CAJOBX010072427.1	97.297	111	3	0	1	111	71661	71551	6.61e-45	189
Epipedobates_boulengerisSS_LWS_RDT0209	CAJOBX010072427.1	93.311	299	20	0	109	407	68817	68519	4.59e-121	442
Epipedobates_boulengerisSS_LWS_RDT0209	CAJOBX010072427.1	95.473	243	11	0	739	981	66424	66182	6.07e-105	388
Epipedobates_boulengerisSS_LWS_RDT0209	CAJOBX010072427.1	97.059	170	5	0	409	578	68056	67887	2.28e-74	287
Epipedobates_boulengerisSS_LWS_RDT0209	CAJOBX010072427.1	96.471	170	6	0	574	743	67639	67470	1.06e-72	281
Epipedobates_boulengerisSS_LWS_RDT0209	CAJOBX010072427.1	95.763	118	5	0	978	1095	65031	64914	1.84e-45	191
Epipedobates_boulengerisSS_LWS_RDT0209	CAJOBX010072427.1	97.297	111	3	0	1	111	71661	71551	6.61e-45	189
Epipedobates_darwinwallacei_LWS_RDT0059	CAJOBX010072427.1	93.311	299	20	0	109	407	68817	68519	4.59e-121	442
Epipedobates_darwinwallacei_LWS_RDT0059	CAJOBX010072427.1	95.062	243	12	0	739	981	66424	66182	2.82e-103	383
Epipedobates_darwinwallacei_LWS_RDT0059	CAJOBX010072427.1	97.647	170	4	0	409	578	68056	67887	4.90e-76	292
Epipedobates_darwinwallacei_LWS_RDT0059	CAJOBX010072427.1	96.471	170	6	0	574	743	67639	67470	1.06e-72	281
Epipedobates_darwinwallacei_LWS_RDT0059	CAJOBX010072427.1	95.763	118	5	0	978	1095	65031	64914	1.84e-45	191
Epipedobates_darwinwallacei_LWS_RDT0059	CAJOBX010072427.1	97.297	111	3	0	1	111	71661	71551	6.61e-45	189
Epipedobates_machalilla_LWS_TNHCFS6849	CAJOBX010072427.1	93.311	299	20	0	109	407	68817	68519	4.59e-121	442
Epipedobates_machalilla_LWS_TNHCFS6849	CAJOBX010072427.1	95.062	243	12	0	739	981	66424	66182	2.82e-103	383
Epipedobates_machalilla_LWS_TNHCFS6849	CAJOBX010072427.1	97.059	170	5	0	409	578	68056	67887	2.28e-74	287
Epipedobates_machalilla_LWS_TNHCFS6849	CAJOBX010072427.1	96.471	170	6	0	574	743	67639	67470	1.06e-72	281
Epipedobates_machalilla_LWS_TNHCFS6849	CAJOBX010072427.1	97.297	111	3	0	1	111	71661	71551	6.61e-45	189
Epipedobates_machalilla_LWS_TNHCFS6849	CAJOBX010072427.1	94.915	118	6	0	978	1095	65031	64914	8.55e-44	185
Epipedobates_narinensis_LWS_RDT0217	CAJOBX010072427.1	93.311	299	20	0	109	407	68817	68519	4.59e-121	442
Epipedobates_narinensis_LWS_RDT0217	CAJOBX010072427.1	95.062	243	12	0	739	981	66424	66182	2.82e-103	383
Epipedobates_narinensis_LWS_RDT0217	CAJOBX010072427.1	97.059	170	5	0	409	578	68056	67887	6.33e-75	289
Epipedobates_narinensis_LWS_RDT0217	CAJOBX010072427.1	95.882	170	7	0	574	743	67639	67470	4.93e-71	276
Epipedobates_narinensis_LWS_RDT0217	CAJOBX010072427.1	96.610	118	4	0	978	1095	65031	64914	3.95e-47	196
Epipedobates_narinensis_LWS_RDT0217	CAJOBX010072427.1	97.297	111	3	0	1	111	71661	71551	6.61e-45	189
Epipedobates_tricolor_LWS_TNHCFS6843	CAJOBX010072427.1	93.311	299	20	0	109	407	68817	68519	4.59e-121	442
Epipedobates_tricolor_LWS_TNHCFS6843	CAJOBX010072427.1	94.650	243	13	0	739	981	66424	66182	1.31e-101	377
Epipedobates_tricolor_LWS_TNHCFS6843	CAJOBX010072427.1	96.471	170	6	0	574	743	67639	67470	1.06e-72	281
Epipedobates_tricolor_LWS_TNHCFS6843	CAJOBX010072427.1	95.882	170	7	0	409	578	68056	67887	4.93e-71	276
Epipedobates_tricolor_LWS_TNHCFS6843	CAJOBX010072427.1	95.763	118	5	0	978	1095	65031	64914	1.84e-45	191
Epipedobates_tricolor_LWS_TNHCFS6843	CAJOBX010072427.1	97.297	111	3	0	1	111	71661	71551	6.61e-45	189
Hyla_arborea_LWS_SRR2157967	CAJOBX010072427.1	84.466	309	42	6	108	412	68818	68512	2.93e-78	300
Hyla_arborea_LWS_SRR2157967	CAJOBX010072427.1	87.209	172	22	0	573	744	67640	67469	3.95e-47	196
Hyla_cinerea_LWS_SRR3498299SRR3498304	CAJOBX010072427.1	83.713	307	48	2	108	412	68818	68512	6.32e-75	289
Hyla_cinerea_LWS_SRR3498299SRR3498304	CAJOBX010072427.1	91.617	167	14	0	412	578	68053	67887	3.00e-58	233
Hyloxalus_awa_LWS_RDT0047	CAJOBX010072427.1	91.030	301	27	0	107	407	68819	68519	1.68e-110	407
Hyloxalus_awa_LWS_RDT0047	CAJOBX010072427.1	95.473	243	11	0	739	981	66424	66182	6.07e-105	388
Hyloxalus_awa_LWS_RDT0047	CAJOBX010072427.1	97.661	171	4	0	573	743	67640	67470	1.36e-76	294
Hyloxalus_awa_LWS_RDT0047	CAJOBX010072427.1	97.059	170	5	0	409	578	68056	67887	2.28e-74	287
Hyloxalus_awa_LWS_RDT0047	CAJOBX010072427.1	96.610	118	4	0	978	1095	65031	64914	3.95e-47	196
Hyloxalus_azureiventris_LWS_NA	CAJOBX010072427.1	93.023	301	21	0	107	407	68819	68519	1.65e-120	440
Hyloxalus_azureiventris_LWS_NA	CAJOBX010072427.1	95.885	243	10	0	739	981	66424	66182	1.30e-106	394
Hyloxalus_azureiventris_LWS_NA	CAJOBX010072427.1	96.491	171	6	0	573	743	67640	67470	2.95e-73	283
Hyloxalus_azureiventris_LWS_NA	CAJOBX010072427.1	95.882	170	7	0	409	578	68056	67887	4.93e-71	276
Hyloxalus_azureiventris_LWS_NA	CAJOBX010072427.1	96.610	118	4	0	978	1095	65031	64914	3.95e-47	196
Hyloxalus_bocagei_LWS_QCAZ237259	CAJOBX010072427.1	91.362	301	26	0	107	407	68819	68519	3.60e-112	412
Hyloxalus_bocagei_LWS_QCAZ237259	CAJOBX010072427.1	97.119	243	7	0	739	981	66424	66182	1.30e-111	411
Hyloxalus_bocagei_LWS_QCAZ237259	CAJOBX010072427.1	97.076	171	5	0	573	743	67640	67470	6.33e-75	289
Hyloxalus_bocagei_LWS_QCAZ237259	CAJOBX010072427.1	95.294	170	8	0	409	578	68056	67887	2.29e-69	270
Hyloxalus_bocagei_LWS_QCAZ237259	CAJOBX010072427.1	96.610	118	4	0	978	1095	65031	64914	3.95e-47	196
Hyloxalus_bocagei_LWS_QCAZ237259	CAJOBX010072427.1	93.396	106	7	0	1	106	71661	71556	1.86e-35	158
Hyloxalus_delatorreae_LWS_CJHD4	CAJOBX010072427.1	91.362	301	26	0	107	407	68819	68519	3.60e-112	412
Hyloxalus_delatorreae_LWS_CJHD4	CAJOBX010072427.1	96.296	243	9	0	739	981	66424	66182	2.80e-108	399
Hyloxalus_delatorreae_LWS_CJHD4	CAJOBX010072427.1	96.491	171	6	0	573	743	67640	67470	2.95e-73	283
Hyloxalus_delatorreae_LWS_CJHD4	CAJOBX010072427.1	95.882	170	7	0	409	578	68056	67887	4.93e-71	276
Hyloxalus_delatorreae_LWS_CJHD4	CAJOBX010072427.1	97.458	118	3	0	978	1095	65031	64914	8.49e-49	202
Hyloxalus_delatorreae_LWS_CJHD4	CAJOBX010072427.1	95.238	105	5	0	1	105	71661	71557	3.10e-38	167
Hyloxalus_infraguttatus_LWS_Hinfraguttatus	CAJOBX010072427.1	91.362	301	26	0	107	407	68819	68519	3.60e-112	412
Hyloxalus_infraguttatus_LWS_Hinfraguttatus	CAJOBX010072427.1	95.473	243	11	0	739	981	66424	66182	6.07e-105	388
Hyloxalus_infraguttatus_LWS_Hinfraguttatus	CAJOBX010072427.1	97.661	171	4	0	573	743	67640	67470	1.36e-76	294
Hyloxalus_infraguttatus_LWS_Hinfraguttatus	CAJOBX010072427.1	97.059	170	5	0	409	578	68056	67887	2.28e-74	287
Hyloxalus_infraguttatus_LWS_Hinfraguttatus	CAJOBX010072427.1	96.610	118	4	0	978	1095	65031	64914	3.95e-47	196
Hyloxalus_jacobuspetersi_LWS_HJMol3	CAJOBX010072427.1	92.027	301	24	0	107	407	68819	68519	1.66e-115	424
Hyloxalus_jacobuspetersi_LWS_HJMol3	CAJOBX010072427.1	96.296	243	9	0	739	981	66424	66182	2.80e-108	399
Hyloxalus_jacobuspetersi_LWS_HJMol3	CAJOBX010072427.1	96.471	170	6	0	409	578	68056	67887	2.95e-73	283
Hyloxalus_jacobuspetersi_LWS_HJMol3	CAJOBX010072427.1	95.882	170	7	0	574	743	67639	67470	4.93e-71	276
Hyloxalus_jacobuspetersi_LWS_HJMol3	CAJOBX010072427.1	97.458	118	3	0	978	1095	65031	64914	8.49e-49	202
Hyloxalus_jacobuspetersi_LWS_HJMol3	CAJOBX010072427.1	94.340	106	6	0	1	106	71661	71556	4.01e-37	163
Hyloxalus_nexipus_LWS_TNHCFS1250	CAJOBX010072427.1	92.691	301	22	0	107	407	68819	68519	7.69e-119	435
Hyloxalus_nexipus_LWS_TNHCFS1250	CAJOBX010072427.1	96.708	243	8	0	739	981	66424	66182	6.03e-110	405
Hyloxalus_nexipus_LWS_TNHCFS1250	CAJOBX010072427.1	97.661	171	4	0	573	743	67640	67470	1.36e-76	294
Hyloxalus_nexipus_LWS_TNHCFS1250	CAJOBX010072427.1	97.059	170	5	0	409	578	68056	67887	2.28e-74	287
Hyloxalus_nexipus_LWS_TNHCFS1250	CAJOBX010072427.1	94.915	118	6	0	978	1095	65031	64914	8.55e-44	185
Hyloxalus_pulchellus_LWS_JCS	CAJOBX010072427.1	91.694	301	25	0	107	407	68819	68519	7.74e-114	418
Hyloxalus_pulchellus_LWS_JCS	CAJOBX010072427.1	96.296	243	9	0	739	981	66424	66182	2.80e-108	399
Hyloxalus_pulchellus_LWS_JCS	CAJOBX010072427.1	97.076	171	5	0	573	743	67640	67470	6.33e-75	289
Hyloxalus_pulchellus_LWS_JCS	CAJOBX010072427.1	95.882	170	7	0	409	578	68056	67887	4.93e-71	276
Hyloxalus_pulchellus_LWS_JCS	CAJOBX010072427.1	97.458	118	3	0	978	1095	65031	64914	8.49e-49	202
Hyloxalus_pulchellus_LWS_JCS	CAJOBX010072427.1	95.238	105	5	0	1	105	71661	71557	3.10e-38	167
Hyloxalus_shuar_LWS_JCSRNAseq	CAJOBX010072427.1	91.694	301	25	0	107	407	68819	68519	7.74e-114	418
Hyloxalus_shuar_LWS_JCSRNAseq	CAJOBX010072427.1	95.473	243	11	0	739	981	66424	66182	6.07e-105	388
Hyloxalus_shuar_LWS_JCSRNAseq	CAJOBX010072427.1	97.647	170	4	0	574	743	67639	67470	4.90e-76	292
Hyloxalus_shuar_LWS_JCSRNAseq	CAJOBX010072427.1	97.059	170	5	0	409	578	68056	67887	2.28e-74	287
Hyloxalus_shuar_LWS_JCSRNAseq	CAJOBX010072427.1	95.763	118	5	0	978	1095	65031	64914	1.84e-45	191
Hyloxalus_spCopal_Negro_LWS_RNAseq	CAJOBX010072427.1	92.359	301	23	0	107	407	68819	68519	3.58e-117	429
Hyloxalus_spCopal_Negro_LWS_RNAseq	CAJOBX010072427.1	96.296	243	9	0	739	981	66424	66182	2.80e-108	399
Hyloxalus_spCopal_Negro_LWS_RNAseq	CAJOBX010072427.1	98.235	170	3	0	574	743	67639	67470	1.05e-77	298
Hyloxalus_spCopal_Negro_LWS_RNAseq	CAJOBX010072427.1	97.647	170	4	0	409	578	68056	67887	4.90e-76	292
Hyloxalus_spCopal_Negro_LWS_RNAseq	CAJOBX010072427.1	95.763	118	5	0	978	1095	65031	64914	1.84e-45	191
Hyloxalus_vertebralis_LWS_LAC2775	CAJOBX010072427.1	91.362	301	26	0	107	407	68819	68519	3.60e-112	412
Hyloxalus_vertebralis_LWS_LAC2775	CAJOBX010072427.1	96.296	243	9	0	739	981	66424	66182	2.80e-108	399
Hyloxalus_vertebralis_LWS_LAC2775	CAJOBX010072427.1	97.076	171	5	0	573	743	67640	67470	6.33e-75	289
Hyloxalus_vertebralis_LWS_LAC2775	CAJOBX010072427.1	96.471	170	6	0	409	578	68056	67887	1.06e-72	281
Hyloxalus_vertebralis_LWS_LAC2775	CAJOBX010072427.1	97.458	118	3	0	978	1095	65031	64914	8.49e-49	202
Hyloxalus_vertebralis_LWS_LAC2775	CAJOBX010072427.1	94.286	105	6	0	1	105	71661	71557	1.44e-36	161
Hyloxalus_yasuni_LWS_QCAZ31143	CAJOBX010072427.1	92.027	301	24	0	107	407	68819	68519	1.66e-115	424
Hyloxalus_yasuni_LWS_QCAZ31143	CAJOBX010072427.1	97.107	242	7	0	740	981	66423	66182	4.66e-111	409
Hyloxalus_yasuni_LWS_QCAZ31143	CAJOBX010072427.1	97.661	171	4	0	573	743	67640	67470	1.36e-76	294
Hyloxalus_yasuni_LWS_QCAZ31143	CAJOBX010072427.1	95.294	170	8	0	409	578	68056	67887	2.29e-69	270
Hyloxalus_yasuni_LWS_QCAZ31143	CAJOBX010072427.1	96.610	118	4	0	978	1095	65031	64914	3.95e-47	196
Hyloxalus_yasuni_LWS_QCAZ31143	CAJOBX010072427.1	94.340	106	6	0	1	106	71661	71556	4.01e-37	163
Ischnocnema_paranaensis_LWS_DZUP116	CAJOBX010072427.1	87.908	306	35	2	109	412	68817	68512	4.76e-96	359
Ischnocnema_paranaensis_LWS_DZUP116	CAJOBX010072427.1	92.276	246	19	0	739	984	66424	66179	2.86e-93	350
Ischnocnema_paranaensis_LWS_DZUP116	CAJOBX010072427.1	95.808	167	7	0	412	578	68053	67887	2.29e-69	270
Ischnocnema_paranaensis_LWS_DZUP116	CAJOBX010072427.1	89.831	118	12	0	978	1095	65031	64914	8.67e-34	152
Leucostethus_fraterdanieli_LWS_TNHCFS4974	CAJOBX010072427.1	94.314	299	17	0	109	407	68817	68519	4.56e-126	459
Leucostethus_fraterdanieli_LWS_TNHCFS4974	CAJOBX010072427.1	96.708	243	8	0	739	981	66424	66182	6.03e-110	405
Leucostethus_fraterdanieli_LWS_TNHCFS4974	CAJOBX010072427.1	97.059	170	5	0	409	578	68056	67887	2.28e-74	287
Leucostethus_fraterdanieli_LWS_TNHCFS4974	CAJOBX010072427.1	95.322	171	8	0	574	744	67639	67469	6.38e-70	272
Leucostethus_fraterdanieli_LWS_TNHCFS4974	CAJOBX010072427.1	96.610	118	4	0	978	1095	65031	64914	3.95e-47	196
Leucostethus_fraterdanieli_LWS_TNHCFS4974	CAJOBX010072427.1	94.595	111	6	0	1	111	71661	71551	6.66e-40	172
Leucostethus_fugax_LWS_RDT0100	CAJOBX010072427.1	93.980	299	18	0	109	407	68817	68519	2.12e-124	453
Leucostethus_fugax_LWS_RDT0100	CAJOBX010072427.1	97.119	243	7	0	739	981	66424	66182	1.30e-111	411
Leucostethus_fugax_LWS_RDT0100	CAJOBX010072427.1	97.647	170	4	0	409	578	68056	67887	4.90e-76	292
Leucostethus_fugax_LWS_RDT0100	CAJOBX010072427.1	95.322	171	8	0	574	744	67639	67469	6.38e-70	272
Leucostethus_fugax_LWS_RDT0100	CAJOBX010072427.1	95.763	118	5	0	978	1095	65031	64914	1.84e-45	191
Leucostethus_fugax_LWS_RDT0100	CAJOBX010072427.1	96.396	111	4	0	1	111	71661	71551	3.07e-43	183
Limnodynastes_peronii_LWS_SRX5507031	CAJOBX010072427.1	89.712	243	25	0	739	981	66424	66182	1.35e-81	311
Limnodynastes_peronii_LWS_SRX5507031	CAJOBX010072427.1	82.530	166	25	3	580	743	67633	67470	5.22e-31	143
Lithodytes_lineatus_LWS_RDT0066	CAJOBX010072427.1	91.770	243	20	0	739	981	66424	66182	6.20e-90	339
Lithodytes_lineatus_LWS_RDT0066	CAJOBX010072427.1	91.018	167	15	0	412	578	68053	67887	5.04e-56	226
Lithodytes_lineatus_LWS_RDT0066	CAJOBX010072427.1	88.824	170	19	0	574	743	67639	67470	5.07e-51	209
Lithodytes_lineatus_LWS_RDT0066	CAJOBX010072427.1	92.793	111	8	0	1	111	71661	71551	1.44e-36	161
Mannophryne_collaris_LWS_TNHCFS5595	CAJOBX010072427.1	91.304	299	26	0	109	407	68817	68519	4.66e-111	409
Mannophryne_collaris_LWS_TNHCFS5595	CAJOBX010072427.1	95.868	242	10	0	740	981	66423	66182	4.69e-106	392
Mannophryne_collaris_LWS_TNHCFS5595	CAJOBX010072427.1	97.647	170	4	0	409	578	68056	67887	4.90e-76	292
Mannophryne_collaris_LWS_TNHCFS5595	CAJOBX010072427.1	93.529	170	11	0	574	743	67639	67470	2.31e-64	254
Mannophryne_collaris_LWS_TNHCFS5595	CAJOBX010072427.1	97.458	118	3	0	978	1095	65031	64914	8.49e-49	202
Mannophryne_collaris_LWS_TNHCFS5595	CAJOBX010072427.1	95.495	111	5	0	1	111	71661	71551	1.43e-41	178
Mannophryne_cordilleriana_LWS_TNHCFS5586	CAJOBX010072427.1	91.639	299	25	0	109	407	68817	68519	1.00e-112	414
Mannophryne_cordilleriana_LWS_TNHCFS5586	CAJOBX010072427.1	95.868	242	10	0	740	981	66423	66182	4.69e-106	392
Mannophryne_cordilleriana_LWS_TNHCFS5586	CAJOBX010072427.1	97.647	170	4	0	409	578	68056	67887	4.90e-76	292
Mannophryne_cordilleriana_LWS_TNHCFS5586	CAJOBX010072427.1	93.529	170	11	0	574	743	67639	67470	2.31e-64	254
Mannophryne_cordilleriana_LWS_TNHCFS5586	CAJOBX010072427.1	97.458	118	3	0	978	1095	65031	64914	8.49e-49	202
Mannophryne_cordilleriana_LWS_TNHCFS5586	CAJOBX010072427.1	95.495	111	5	0	1	111	71661	71551	1.43e-41	178
Mannophryne_riveroi_LWS_TNHCFS5643	CAJOBX010072427.1	92.308	299	23	0	109	407	68817	68519	4.63e-116	425
Mannophryne_riveroi_LWS_TNHCFS5643	CAJOBX010072427.1	95.868	242	10	0	740	981	66423	66182	4.69e-106	392
Mannophryne_riveroi_LWS_TNHCFS5643	CAJOBX010072427.1	97.059	170	5	0	409	578	68056	67887	2.28e-74	287
Mannophryne_riveroi_LWS_TNHCFS5643	CAJOBX010072427.1	94.706	170	9	0	574	743	67639	67470	1.07e-67	265
Mannophryne_riveroi_LWS_TNHCFS5643	CAJOBX010072427.1	95.763	118	5	0	978	1095	65031	64914	1.84e-45	191
Mannophryne_riveroi_LWS_TNHCFS5643	CAJOBX010072427.1	96.396	111	4	0	1	111	71661	71551	3.07e-43	183
Mannophryne_venezuelensis_LWS_TNHCFS5646	CAJOBX010072427.1	92.308	299	23	0	109	407	68817	68519	4.63e-116	425
Mannophryne_venezuelensis_LWS_TNHCFS5646	CAJOBX010072427.1	96.281	242	9	0	740	981	66423	66182	1.01e-107	398
Mannophryne_venezuelensis_LWS_TNHCFS5646	CAJOBX010072427.1	97.059	170	5	0	409	578	68056	67887	2.28e-74	287
Mannophryne_venezuelensis_LWS_TNHCFS5646	CAJOBX010072427.1	94.706	170	9	0	574	743	67639	67470	1.07e-67	265
Mannophryne_venezuelensis_LWS_TNHCFS5646	CAJOBX010072427.1	97.458	118	3	0	978	1095	65031	64914	8.49e-49	202
Mannophryne_venezuelensis_LWS_TNHCFS5646	CAJOBX010072427.1	96.396	111	4	0	1	111	71661	71551	3.07e-43	183
Melanophryniscus_stelzneki_LWS_JCS	CAJOBX010072427.1	92.593	243	18	0	739	981	66424	66182	2.86e-93	350
Melanophryniscus_stelzneki_LWS_JCS	CAJOBX010072427.1	92.814	167	12	0	412	578	68053	67887	5.00e-61	243
Melanophryniscus_stelzneki_LWS_JCS	CAJOBX010072427.1	88.953	172	19	0	573	744	67640	67469	3.92e-52	213
Melanophryniscus_stelzneki_LWS_JCS	CAJOBX010072427.1	89.189	111	12	0	1	111	71661	71551	6.75e-30	139
Osornophryne_antisana_LWS_SC5957	CAJOBX010072427.1	88.562	306	33	2	109	412	68817	68512	2.20e-99	370
Osornophryne_antisana_LWS_SC5957	CAJOBX010072427.1	93.416	243	16	0	739	981	66424	66182	1.32e-96	361
Osornophryne_antisana_LWS_SC5957	CAJOBX010072427.1	94.444	162	9	0	417	578	68048	67887	2.99e-63	250
Osornophryne_antisana_LWS_SC5957	CAJOBX010072427.1	89.474	171	18	0	573	743	67640	67470	3.03e-53	217
Osornophryne_antisana_LWS_SC5957	CAJOBX010072427.1	91.892	111	9	0	1	111	71661	71551	6.70e-35	156
Phyllobates_aurotaenia_LWS_RDT0126	CAJOBX010072427.1	95.987	299	12	0	109	407	68817	68519	2.09e-134	486
Phyllobates_aurotaenia_LWS_RDT0126	CAJOBX010072427.1	97.942	243	5	0	739	981	66424	66182	5.99e-115	422
Phyllobates_aurotaenia_LWS_RDT0126	CAJOBX010072427.1	97.661	171	4	0	573	743	67640	67470	1.36e-76	294
Phyllobates_aurotaenia_LWS_RDT0126	CAJOBX010072427.1	97.647	170	4	0	409	578	68056	67887	4.90e-76	292
Phyllobates_aurotaenia_LWS_RDT0126	CAJOBX010072427.1	97.458	118	3	0	978	1095	65031	64914	8.49e-49	202
Phyllobates_aurotaenia_LWS_RDT0126	CAJOBX010072427.1	99.099	111	1	0	1	111	71661	71551	3.05e-48	200
Phyllobates_terribilis_LWS_JCS	CAJOBX010072427.1	95.987	299	12	0	109	407	68817	68519	2.09e-134	486
Phyllobates_terribilis_LWS_JCS	CAJOBX010072427.1	97.942	243	5	0	739	981	66424	66182	5.99e-115	422
Phyllobates_terribilis_LWS_JCS	CAJOBX010072427.1	97.661	171	4	0	573	743	67640	67470	1.36e-76	294
Phyllobates_terribilis_LWS_JCS	CAJOBX010072427.1	97.647	170	4	0	409	578	68056	67887	4.90e-76	292
Phyllobates_terribilis_LWS_JCS	CAJOBX010072427.1	97.458	118	3	0	978	1095	65031	64914	8.49e-49	202
Phyllobates_terribilis_LWS_JCS	CAJOBX010072427.1	99.099	111	1	0	1	111	71661	71551	3.05e-48	200
Phyllobates_vittatus_LWS_JCS	CAJOBX010072427.1	95.987	299	12	0	109	407	68817	68519	2.09e-134	486
Phyllobates_vittatus_LWS_JCS	CAJOBX010072427.1	97.531	243	6	0	739	981	66424	66182	2.78e-113	416
Phyllobates_vittatus_LWS_JCS	CAJOBX010072427.1	98.824	170	2	0	409	578	68056	67887	2.26e-79	303
Phyllobates_vittatus_LWS_JCS	CAJOBX010072427.1	97.647	170	4	0	574	743	67639	67470	4.90e-76	292
Phyllobates_vittatus_LWS_JCS	CAJOBX010072427.1	98.305	118	2	0	978	1095	65031	64914	1.82e-50	207
Phyllobates_vittatus_LWS_JCS	CAJOBX010072427.1	99.099	111	1	0	1	111	71661	71551	3.05e-48	200
Rheobates_palmatus_LWS_RDT0123	CAJOBX010072427.1	93.980	299	18	0	109	407	68817	68519	2.12e-124	453
Rheobates_palmatus_LWS_RDT0123	CAJOBX010072427.1	96.296	243	9	0	739	981	66424	66182	2.80e-108	399
Rheobates_palmatus_LWS_RDT0123	CAJOBX010072427.1	97.059	170	5	0	409	578	68056	67887	2.28e-74	287
Rheobates_palmatus_LWS_RDT0123	CAJOBX010072427.1	95.882	170	7	0	574	743	67639	67470	4.93e-71	276
Rheobates_palmatus_LWS_RDT0123	CAJOBX010072427.1	98.305	118	2	0	978	1095	65031	64914	1.82e-50	207
Rheobates_palmatus_LWS_RDT0123	CAJOBX010072427.1	96.396	111	4	0	1	111	71661	71551	3.07e-43	183
Rhinella_marina_LWS_ONZH01019223	CAJOBX010072427.1	88.889	306	32	2	109	412	68817	68512	4.73e-101	375
Rhinella_marina_LWS_ONZH01019223	CAJOBX010072427.1	92.181	243	19	0	739	981	66424	66182	1.33e-91	344
Rhinella_marina_LWS_ONZH01019223	CAJOBX010072427.1	94.444	162	9	0	417	578	68048	67887	2.99e-63	250
Rhinella_marina_LWS_ONZH01019223	CAJOBX010072427.1	88.235	170	20	0	574	743	67639	67470	2.36e-49	204
Rhinella_marina_LWS_ONZH01019223	CAJOBX010072427.1	90.991	111	10	0	1	111	71661	71551	3.12e-33	150
Rhinella_spinulosa_LWS_SRX456145	CAJOBX010072427.1	91.770	243	20	0	739	981	66424	66182	6.20e-90	339
Rhinella_spinulosa_LWS_SRX456145	CAJOBX010072427.1	92.593	162	12	0	417	578	68048	67887	3.01e-58	233
Rhinella_spinulosa_LWS_SRX456145	CAJOBX010072427.1	88.889	171	19	0	573	743	67640	67470	1.41e-51	211
Rhinella_spinulosa_LWS_SRX456145	CAJOBX010072427.1	92.793	111	8	0	1	111	71661	71551	1.44e-36	161
Scaphiopus_couchii_LWS_SRR7817222	CAJOBX010072427.1	85.030	167	25	0	418	584	68053	67887	2.41e-39	171
Silverstoneia_erasmios_LWS_RDT0158	CAJOBX010072427.1	93.645	299	19	0	109	407	68817	68519	9.87e-123	448
Silverstoneia_erasmios_LWS_RDT0158	CAJOBX010072427.1	95.062	243	12	0	739	981	66424	66182	2.82e-103	383
Silverstoneia_erasmios_LWS_RDT0158	CAJOBX010072427.1	97.059	170	5	0	409	578	68056	67887	2.28e-74	287
Silverstoneia_erasmios_LWS_RDT0158	CAJOBX010072427.1	95.294	170	8	0	574	743	67639	67470	2.29e-69	270
Silverstoneia_erasmios_LWS_RDT0158	CAJOBX010072427.1	97.297	111	3	0	1	111	71661	71551	6.61e-45	189
Silverstoneia_erasmios_LWS_RDT0158	CAJOBX010072427.1	94.915	118	6	0	978	1095	65031	64914	8.55e-44	185
Silverstoneia_flotator_LWS_CF13Spbm	CAJOBX010072427.1	93.311	299	20	0	109	407	68817	68519	4.59e-121	442
Silverstoneia_flotator_LWS_CF13Spbm	CAJOBX010072427.1	94.650	243	13	0	739	981	66424	66182	1.31e-101	377
Silverstoneia_flotator_LWS_CF13Spbm	CAJOBX010072427.1	97.059	170	5	0	409	578	68056	67887	2.28e-74	287
Silverstoneia_flotator_LWS_CF13Spbm	CAJOBX010072427.1	96.471	170	6	0	574	743	67639	67470	1.06e-72	281
Silverstoneia_flotator_LWS_CF13Spbm	CAJOBX010072427.1	95.763	118	5	0	978	1095	65031	64914	1.84e-45	191
Silverstoneia_flotator_LWS_CF13Spbm	CAJOBX010072427.1	97.297	111	3	0	1	111	71661	71551	6.61e-45	189
Telmatobius_jelskii_LWS_CAP667	CAJOBX010072427.1	92.593	243	18	0	739	981	66424	66182	2.86e-93	350
Telmatobius_jelskii_LWS_CAP667	CAJOBX010072427.1	92.814	167	12	0	412	578	68053	67887	4.99e-61	243
Telmatobius_marmuratus_LWS_AGC642	CAJOBX010072427.1	94.239	243	14	0	739	981	66424	66182	6.11e-100	372
Telmatobius_marmuratus_LWS_AGC642	CAJOBX010072427.1	92.814	167	12	0	412	578	68053	67887	5.00e-61	243
Telmatobius_marmuratus_LWS_AGC642	CAJOBX010072427.1	91.813	171	14	0	574	744	67639	67469	6.47e-60	239
Allobates_spCanelos_LWS_NA	CAJOBX010072427.1	91.639	299	25	0	109	407	68817	68519	7.62e-113	414
Allobates_spCanelos_LWS_NA	CAJOBX010072427.1	93.529	170	11	0	409	578	68056	67887	1.76e-64	254
Allobates_spCanelos_LWS_NA	CAJOBX010072427.1	94.574	129	7	0	598	726	66310	66182	2.32e-48	200
Allobates_spCanelos_LWS_NA	CAJOBX010072427.1	94.915	118	6	0	723	840	65031	64914	6.50e-44	185
