# TBLASTN 2.12.0+
# Query: Allobates_kingsburyi_LWS_1146
# Database: ../blastDB/RhinellaDB/Rhinella.0
# Fields: query acc.ver, subject acc.ver, % identity, alignment length, mismatches, gap opens, q. start, q. end, s. start, s. end, evalue, bit score
# 400 hits found
Allobates_kingsburyi_LWS_1146	ONZH01019223.1	97.000	100	3	0	37	136	62126	62425	1.29e-55	202
Allobates_kingsburyi_LWS_1146	ONZH01019223.1	92.771	83	6	0	245	327	64816	65064	1.53e-42	164
Allobates_kingsburyi_LWS_1146	ONZH01019223.1	91.228	57	5	0	136	192	63357	63527	3.28e-25	113
Allobates_kingsburyi_LWS_1146	ONZH01019223.1	83.333	60	10	0	192	251	64070	64249	7.59e-24	108
Allobates_kingsburyi_LWS_1146	ONZH01019223.1	52.500	80	38	0	248	327	40227	40466	1.50e-19	96.3
Allobates_kingsburyi_LWS_1146	ONZH01019223.1	83.333	42	7	0	1	42	59049	59174	2.33e-13	77.4
Allobates_kingsburyi_LWS_1146	ONZH01019223.1	50.000	58	29	0	136	193	37623	37796	1.14e-09	66.2
Allobates_kingsburyi_LWS_1146	ONZH01019223.1	33.929	112	74	0	30	141	34728	35063	1.46e-08	62.8
Allobates_kingsburyi_LWS_1146	ONZH01019223.1	34.426	61	40	0	191	251	38718	38900	0.012	43.9
Allobates_kingsburyi_LWS_1146	ONZH01019223.1	93.750	16	1	0	328	343	66369	66416	3.4	35.8
Allobates_kingsburyi_LWS_1146	ONZH01022093.1	50.467	107	52	1	31	136	53325	53645	2.41e-24	110
Allobates_kingsburyi_LWS_1146	ONZH01022093.1	54.878	82	37	0	249	330	58009	58254	2.17e-23	107
Allobates_kingsburyi_LWS_1146	ONZH01022093.1	51.613	62	30	0	136	197	56245	56430	3.03e-12	73.9
Allobates_kingsburyi_LWS_1146	ONZH01022093.1	33.784	74	47	1	197	270	56727	56942	0.026	42.7
Allobates_kingsburyi_LWS_1146	ONZH01011499.1	52.941	85	40	0	248	332	164331	164585	2.09e-20	99.0
Allobates_kingsburyi_LWS_1146	ONZH01011499.1	39.252	107	61	2	38	142	153882	154196	5.40e-15	82.4
Allobates_kingsburyi_LWS_1146	ONZH01011499.1	40.678	59	35	0	136	194	154992	155168	1.72e-04	49.7
Allobates_kingsburyi_LWS_1146	ONZH01011499.1	37.288	59	37	0	191	249	159581	159757	0.043	42.0
Allobates_kingsburyi_LWS_1146	ONZH01020826.1	38.462	130	77	2	119	248	21280	21660	8.58e-19	94.0
Allobates_kingsburyi_LWS_1146	ONZH01020826.1	52.632	76	36	0	254	329	32577	32804	1.04e-18	93.6
Allobates_kingsburyi_LWS_1146	ONZH01020826.1	43.182	88	50	0	46	133	16536	16799	3.44e-13	77.0
Allobates_kingsburyi_LWS_1146	ONZH01004127.1	48.193	83	43	0	247	329	263018	263266	1.25e-18	93.6
Allobates_kingsburyi_LWS_1146	ONZH01004127.1	35.156	128	82	1	9	136	218208	218588	1.36e-14	81.3
Allobates_kingsburyi_LWS_1146	ONZH01004127.1	47.143	70	37	0	136	205	224256	224465	4.71e-14	79.7
Allobates_kingsburyi_LWS_1146	ONZH01010496.1	50.000	74	37	0	257	330	41778	41557	6.21e-17	88.6
Allobates_kingsburyi_LWS_1146	ONZH01010496.1	32.576	132	86	1	20	148	44008	43613	3.53e-13	77.0
Allobates_kingsburyi_LWS_1146	ONZH01010496.1	50.820	61	30	0	132	192	43410	43228	3.69e-09	64.3
Allobates_kingsburyi_LWS_1146	ONZH01010496.1	20.408	98	71	1	187	284	42079	41807	3.9	35.8
Allobates_kingsburyi_LWS_1146	ONZH01009304.1	45.122	82	43	1	246	327	33249	33488	1.50e-15	84.3
Allobates_kingsburyi_LWS_1146	ONZH01009304.1	35.652	115	72	1	134	248	26004	26342	4.19e-15	82.8
Allobates_kingsburyi_LWS_1146	ONZH01009304.1	34.677	124	76	3	17	136	24705	25073	1.25e-10	68.9
Allobates_kingsburyi_LWS_1146	ONZH01014703.1	22.945	292	215	6	54	339	46289	45426	3.49e-15	83.2
Allobates_kingsburyi_LWS_1146	ONZH01003743.1	24.911	281	172	11	70	331	108741	109523	2.11e-10	68.2
Allobates_kingsburyi_LWS_1146	ONZH01017466.1	42.857	77	42	2	254	329	39668	39895	4.26e-10	67.4
Allobates_kingsburyi_LWS_1146	ONZH01017466.1	31.092	119	77	3	136	253	28322	28666	9.35e-08	60.1
Allobates_kingsburyi_LWS_1146	ONZH01011581.1	22.848	302	195	11	59	337	38676	39536	4.37e-10	67.4
Allobates_kingsburyi_LWS_1146	ONZH01004974.1	17.941	340	241	7	28	338	129241	128249	9.58e-10	66.2
Allobates_kingsburyi_LWS_1146	ONZH01011329.1	23.249	357	221	16	13	337	172995	174002	1.66e-09	65.5
Allobates_kingsburyi_LWS_1146	ONZH01009381.1	21.767	317	210	9	50	338	14733	15653	1.75e-09	65.5
Allobates_kingsburyi_LWS_1146	ONZH01010371.1	24.727	275	174	10	82	343	14161	13397	2.64e-09	65.1
Allobates_kingsburyi_LWS_1146	ONZH01018419.1	39.189	74	45	0	257	330	116214	116435	4.71e-09	64.3
Allobates_kingsburyi_LWS_1146	ONZH01018419.1	34.211	114	73	2	136	249	102895	103230	2.06e-05	52.8
Allobates_kingsburyi_LWS_1146	ONZH01018419.1	28.409	88	63	0	49	136	56929	57192	0.59	38.5
Allobates_kingsburyi_LWS_1146	ONZH01009470.1	24.645	211	151	4	48	253	437851	437228	2.65e-08	61.6
Allobates_kingsburyi_LWS_1146	ONZH01025795.1	23.293	249	175	4	30	266	96016	96750	1.29e-07	59.7
Allobates_kingsburyi_LWS_1146	ONZH01024885.1	22.944	231	143	7	125	339	311195	310560	1.59e-07	59.3
Allobates_kingsburyi_LWS_1146	ONZH01024885.1	22.747	233	141	9	125	339	329116	328481	9.35e-06	53.9
Allobates_kingsburyi_LWS_1146	ONZH01024885.1	21.983	232	144	8	125	339	361489	360854	9.42e-05	50.4
Allobates_kingsburyi_LWS_1146	ONZH01024885.1	20.085	234	148	9	125	340	349970	350608	0.004	45.4
Allobates_kingsburyi_LWS_1146	ONZH01024885.1	21.306	291	181	9	70	339	392388	393179	1.4	37.0
Allobates_kingsburyi_LWS_1146	ONZH01030433.1	23.549	293	196	9	66	343	231109	230270	1.70e-07	59.3
Allobates_kingsburyi_LWS_1146	ONZH01018909.1	25.397	252	159	9	33	273	70465	69764	2.21e-07	58.9
Allobates_kingsburyi_LWS_1146	ONZH01030908.1	21.192	302	200	12	70	337	21080	20187	2.49e-07	58.9
Allobates_kingsburyi_LWS_1146	ONZH01013663.1	23.711	291	172	12	70	338	28216	27428	2.90e-07	58.5
Allobates_kingsburyi_LWS_1146	ONZH01013663.1	22.680	291	175	13	70	338	2658	1870	0.005	45.1
Allobates_kingsburyi_LWS_1146	ONZH01028680.1	33.628	113	73	1	136	248	44969	44637	3.54e-07	58.2
Allobates_kingsburyi_LWS_1146	ONZH01013842.1	24.904	261	158	12	88	329	228452	229177	4.10e-07	58.2
Allobates_kingsburyi_LWS_1146	ONZH01005081.1	21.631	282	212	4	62	336	81449	82288	9.50e-07	57.0
Allobates_kingsburyi_LWS_1146	ONZH01020460.1	23.469	294	169	12	70	338	9749	10537	9.90e-07	56.6
Allobates_kingsburyi_LWS_1146	ONZH01007102.1	20.761	289	206	7	60	336	175222	174389	1.01e-06	57.0
Allobates_kingsburyi_LWS_1146	ONZH01015444.1	26.022	269	165	11	90	331	1236021	1235236	1.15e-06	56.6
Allobates_kingsburyi_LWS_1146	ONZH01015444.1	26.190	126	76	4	216	334	1695115	1694768	5.6	35.4
Allobates_kingsburyi_LWS_1146	ONZH01017206.1	23.571	280	180	11	70	335	121658	120879	1.97e-06	55.8
Allobates_kingsburyi_LWS_1146	ONZH01021151.1	42.667	75	39	3	263	334	16353	16132	3.46e-06	55.1
Allobates_kingsburyi_LWS_1146	ONZH01016693.1	21.387	346	219	11	29	336	83255	82263	4.10e-06	55.1
Allobates_kingsburyi_LWS_1146	ONZH01015627.1	22.364	313	190	12	57	343	22549	21692	4.68e-06	54.7
Allobates_kingsburyi_LWS_1146	ONZH01028447.1	21.739	184	125	5	172	340	120865	120326	5.25e-06	54.7
Allobates_kingsburyi_LWS_1146	ONZH01031327.1	32.039	103	59	3	250	343	770399	770097	6.10e-06	54.3
Allobates_kingsburyi_LWS_1146	ONZH01026239.1	20.430	279	209	5	67	336	536142	535318	7.58e-06	53.9
Allobates_kingsburyi_LWS_1146	ONZH01014869.1	24.686	239	155	9	66	299	7720	7064	8.39e-06	53.9
Allobates_kingsburyi_LWS_1146	ONZH01023320.1	21.084	332	218	12	39	338	510586	509627	8.80e-06	53.9
Allobates_kingsburyi_LWS_1146	ONZH01029306.1	23.196	194	122	5	165	338	1145250	1145810	9.86e-06	53.5
Allobates_kingsburyi_LWS_1146	ONZH01009173.1	27.407	135	94	4	52	183	6148	5747	1.02e-05	53.5
Allobates_kingsburyi_LWS_1146	ONZH01007139.1	24.500	200	139	5	67	264	80714	81283	1.15e-05	53.5
Allobates_kingsburyi_LWS_1146	ONZH01003212.1	21.875	320	230	11	24	336	54805	53885	1.18e-05	53.5
Allobates_kingsburyi_LWS_1146	ONZH01017687.1	22.826	276	178	10	82	343	17086	16322	1.50e-05	53.1
Allobates_kingsburyi_LWS_1146	ONZH01014481.1	24.242	297	185	12	57	329	100291	101133	1.56e-05	53.1
Allobates_kingsburyi_LWS_1146	ONZH01009717.1	23.656	279	190	8	67	335	53059	52262	1.67e-05	52.8
Allobates_kingsburyi_LWS_1146	ONZH01011261.1	20.000	275	207	4	66	336	1125187	1125984	1.96e-05	52.8
Allobates_kingsburyi_LWS_1146	ONZH01009899.1	25.243	309	198	14	51	343	8554	7679	2.29e-05	52.4
Allobates_kingsburyi_LWS_1146	ONZH01021374.1	23.322	283	190	10	67	338	51630	52430	2.41e-05	52.4
Allobates_kingsburyi_LWS_1146	ONZH01018090.1	22.973	296	185	12	67	335	162699	161860	2.76e-05	52.4
Allobates_kingsburyi_LWS_1146	ONZH01025247.1	18.770	309	206	9	57	343	53450	54307	3.01e-05	52.0
Allobates_kingsburyi_LWS_1146	ONZH01021741.1	21.639	305	189	13	56	338	8996	8166	3.63e-05	52.0
Allobates_kingsburyi_LWS_1146	ONZH01021741.1	22.571	319	190	14	42	338	24905	24054	5.57e-05	51.2
Allobates_kingsburyi_LWS_1146	ONZH01003799.1	30.769	91	59	2	103	192	405279	405016	4.90e-05	51.6
Allobates_kingsburyi_LWS_1146	ONZH01003799.1	42.857	35	20	0	295	329	384786	384682	2.8	36.2
Allobates_kingsburyi_LWS_1146	ONZH01003949.1	22.707	229	161	7	33	259	14218	14862	4.95e-05	51.6
Allobates_kingsburyi_LWS_1146	ONZH01003949.1	26.596	94	64	2	248	339	16880	17152	0.21	39.7
Allobates_kingsburyi_LWS_1146	ONZH01003997.1	21.365	337	239	13	9	334	21343	22308	5.14e-05	51.2
Allobates_kingsburyi_LWS_1146	ONZH01023186.1	24.299	321	210	14	23	329	11339	10434	5.17e-05	51.2
Allobates_kingsburyi_LWS_1146	ONZH01029271.1	21.362	323	229	11	20	336	328018	328929	5.35e-05	51.2
Allobates_kingsburyi_LWS_1146	ONZH01004457.1	28.467	137	90	4	18	150	143067	143465	5.93e-05	51.2
Allobates_kingsburyi_LWS_1146	ONZH01006522.1	21.071	280	196	8	70	338	186864	187661	6.53e-05	51.2
Allobates_kingsburyi_LWS_1146	ONZH01009188.1	20.779	308	206	9	48	338	69672	68812	7.01e-05	50.8
Allobates_kingsburyi_LWS_1146	ONZH01009188.1	19.661	295	198	10	55	332	48884	48066	0.13	40.4
Allobates_kingsburyi_LWS_1146	ONZH01001296.1	23.297	279	182	9	70	334	15663	14881	8.23e-05	50.8
Allobates_kingsburyi_LWS_1146	ONZH01026281.1	24.324	333	214	14	32	342	11453	12403	9.52e-05	50.4
Allobates_kingsburyi_LWS_1146	ONZH01026281.1	27.536	69	44	2	267	330	34274	34477	6.9	35.0
Allobates_kingsburyi_LWS_1146	ONZH01019264.1	21.192	302	216	10	42	335	22589	23452	1.03e-04	50.4
Allobates_kingsburyi_LWS_1146	ONZH01004079.1	23.137	255	171	8	88	330	82713	83438	1.09e-04	50.4
Allobates_kingsburyi_LWS_1146	ONZH01012911.1	21.631	282	202	7	70	343	512164	512976	1.28e-04	50.1
Allobates_kingsburyi_LWS_1146	ONZH01020718.1	20.141	283	199	9	70	340	26227	27030	1.33e-04	50.1
Allobates_kingsburyi_LWS_1146	ONZH01019923.1	21.379	290	191	10	66	338	29776	30585	1.54e-04	49.7
Allobates_kingsburyi_LWS_1146	ONZH01027134.1	21.502	293	188	11	64	339	17219	16416	1.58e-04	49.7
Allobates_kingsburyi_LWS_1146	ONZH01027134.1	28.846	104	65	4	57	158	40909	40619	0.31	39.3
Allobates_kingsburyi_LWS_1146	ONZH01012583.1	20.861	302	193	11	57	338	55868	55041	1.67e-04	49.7
Allobates_kingsburyi_LWS_1146	ONZH01023689.1	24.510	306	199	14	51	336	40123	41004	1.71e-04	49.7
Allobates_kingsburyi_LWS_1146	ONZH01022112.1	24.012	329	211	15	23	334	47696	48616	1.72e-04	49.7
Allobates_kingsburyi_LWS_1146	ONZH01022112.1	23.288	292	174	14	70	341	25699	26484	7.1	35.0
Allobates_kingsburyi_LWS_1146	ONZH01005613.1	22.300	287	194	10	70	343	29391	28579	1.92e-04	49.7
Allobates_kingsburyi_LWS_1146	ONZH01016627.1	20.482	249	183	5	88	329	41920	41198	1.99e-04	49.7
Allobates_kingsburyi_LWS_1146	ONZH01013287.1	25.085	295	193	14	59	343	24114	23284	2.29e-04	49.3
Allobates_kingsburyi_LWS_1146	ONZH01003397.1	23.293	249	176	6	28	270	39658	38939	2.44e-04	49.3
Allobates_kingsburyi_LWS_1146	ONZH01004634.1	20.330	182	136	3	12	192	19016	19537	2.46e-04	49.3
Allobates_kingsburyi_LWS_1146	ONZH01015762.1	22.667	300	195	12	59	343	42119	41286	2.63e-04	49.3
Allobates_kingsburyi_LWS_1146	ONZH01015762.1	25.600	125	82	4	207	329	66884	66537	0.37	38.9
Allobates_kingsburyi_LWS_1146	ONZH01008951.1	22.449	294	192	9	66	341	18298	17471	2.69e-04	49.3
Allobates_kingsburyi_LWS_1146	ONZH01001996.1	21.639	305	190	13	58	339	18854	18018	2.94e-04	48.9
Allobates_kingsburyi_LWS_1146	ONZH01015910.1	31.111	90	59	1	250	336	46694	46425	3.02e-04	48.9
Allobates_kingsburyi_LWS_1146	ONZH01009892.1	33.824	68	45	0	268	335	42186	41983	3.42e-04	48.9
Allobates_kingsburyi_LWS_1146	ONZH01009892.1	23.958	96	73	0	176	271	53707	53420	0.017	43.5
Allobates_kingsburyi_LWS_1146	ONZH01029661.1	18.983	295	209	8	56	339	41306	40479	3.98e-04	48.5
Allobates_kingsburyi_LWS_1146	ONZH01005601.1	23.906	297	207	11	52	343	11401	12249	4.29e-04	48.5
Allobates_kingsburyi_LWS_1146	ONZH01005601.1	19.780	91	72	1	253	343	48150	48419	1.4	37.0
Allobates_kingsburyi_LWS_1146	ONZH01030739.1	20.307	261	177	5	53	291	551385	552140	4.62e-04	48.5
Allobates_kingsburyi_LWS_1146	ONZH01007813.1	23.906	297	201	12	56	343	39315	38473	4.78e-04	48.1
Allobates_kingsburyi_LWS_1146	ONZH01007813.1	23.311	296	196	13	59	343	10674	9847	0.042	42.0
Allobates_kingsburyi_LWS_1146	ONZH01030259.1	23.077	91	60	2	253	337	282518	282258	5.00e-04	48.1
Allobates_kingsburyi_LWS_1146	ONZH01031360.1	22.378	286	193	12	66	338	5926	6735	5.43e-04	48.1
Allobates_kingsburyi_LWS_1146	ONZH01013868.1	23.759	282	182	10	71	338	43048	42260	5.51e-04	48.1
Allobates_kingsburyi_LWS_1146	ONZH01013868.1	25.225	111	72	4	81	185	30180	29863	0.087	41.2
Allobates_kingsburyi_LWS_1146	ONZH01013868.1	26.471	136	78	7	81	210	54947	54588	0.37	38.9
Allobates_kingsburyi_LWS_1146	ONZH01008169.1	20.640	344	218	11	25	332	18916	17942	5.90e-04	48.1
Allobates_kingsburyi_LWS_1146	ONZH01008169.1	19.031	289	199	10	60	332	43914	44723	1.9	36.6
Allobates_kingsburyi_LWS_1146	ONZH01006849.1	21.212	231	147	9	125	339	26781	27416	6.62e-04	47.8
Allobates_kingsburyi_LWS_1146	ONZH01029290.1	24.911	281	185	13	59	329	7712	6918	7.39e-04	47.8
Allobates_kingsburyi_LWS_1146	ONZH01010358.1	24.603	126	87	2	218	343	8658	8305	7.48e-04	47.8
Allobates_kingsburyi_LWS_1146	ONZH01010358.1	24.116	311	196	15	51	343	94072	93206	0.002	46.2
Allobates_kingsburyi_LWS_1146	ONZH01010358.1	24.088	137	86	5	207	334	52256	51873	0.020	43.1
Allobates_kingsburyi_LWS_1146	ONZH01015549.1	21.019	314	199	10	53	343	21814	20951	8.48e-04	47.4
Allobates_kingsburyi_LWS_1146	ONZH01022675.1	23.390	295	186	10	61	338	54101	54916	8.86e-04	47.4
Allobates_kingsburyi_LWS_1146	ONZH01028610.1	25.497	302	175	15	61	334	17077	17916	8.91e-04	47.4
Allobates_kingsburyi_LWS_1146	ONZH01026450.1	34.848	66	41	1	267	332	31638	31447	0.001	47.4
Allobates_kingsburyi_LWS_1146	ONZH01020592.1	20.567	282	187	9	70	334	61408	60623	0.001	47.4
Allobates_kingsburyi_LWS_1146	ONZH01010176.1	21.245	273	183	11	70	332	127824	127072	0.001	47.4
Allobates_kingsburyi_LWS_1146	ONZH01010194.1	22.483	298	196	9	55	338	42674	43504	0.001	47.0
Allobates_kingsburyi_LWS_1146	ONZH01025830.1	23.105	277	193	9	70	334	446499	447305	0.001	47.0
Allobates_kingsburyi_LWS_1146	ONZH01019417.1	21.622	296	180	9	70	340	7036	7842	0.001	47.0
Allobates_kingsburyi_LWS_1146	ONZH01027892.1	22.615	283	176	10	70	332	12336	13115	0.001	46.6
Allobates_kingsburyi_LWS_1146	ONZH01027892.1	19.097	288	190	10	65	332	42278	43072	0.019	43.1
Allobates_kingsburyi_LWS_1146	ONZH01006661.1	25.688	109	64	4	239	340	859997	859701	0.002	46.6
Allobates_kingsburyi_LWS_1146	ONZH01001290.1	22.761	268	169	8	83	332	101975	101232	0.002	46.6
Allobates_kingsburyi_LWS_1146	ONZH01016141.1	22.059	204	134	7	139	330	32589	32017	0.002	46.6
Allobates_kingsburyi_LWS_1146	ONZH01027021.1	24.150	294	189	15	59	336	26974	26147	0.002	46.6
Allobates_kingsburyi_LWS_1146	ONZH01010115.1	22.222	90	60	2	253	336	39141	38884	0.002	46.6
Allobates_kingsburyi_LWS_1146	ONZH01010011.1	23.776	286	201	9	56	332	22476	23309	0.002	46.2
Allobates_kingsburyi_LWS_1146	ONZH01010011.1	23.874	222	132	10	136	342	33470	32871	0.90	37.7
Allobates_kingsburyi_LWS_1146	ONZH01020670.1	21.959	296	186	12	65	338	26519	25701	0.002	46.2
Allobates_kingsburyi_LWS_1146	ONZH01022053.1	24.176	273	172	11	82	339	1590	2348	0.002	46.2
Allobates_kingsburyi_LWS_1146	ONZH01022053.1	21.562	320	185	13	52	339	119604	118747	3.0	36.2
Allobates_kingsburyi_LWS_1146	ONZH01011550.1	21.379	290	180	14	70	338	39389	40177	0.002	46.2
Allobates_kingsburyi_LWS_1146	ONZH01011550.1	20.968	310	204	13	53	342	86054	85188	0.007	44.7
Allobates_kingsburyi_LWS_1146	ONZH01011550.1	19.231	286	194	9	70	338	109853	109056	0.14	40.4
Allobates_kingsburyi_LWS_1146	ONZH01011550.1	19.231	156	107	5	49	187	102685	102224	3.6	35.8
Allobates_kingsburyi_LWS_1146	ONZH01006814.1	23.585	318	207	12	29	332	175694	176581	0.002	46.2
Allobates_kingsburyi_LWS_1146	ONZH01017814.1	21.379	290	205	11	66	343	7022	6186	0.003	45.8
Allobates_kingsburyi_LWS_1146	ONZH01017814.1	20.906	287	203	9	66	340	78256	77432	0.056	41.6
Allobates_kingsburyi_LWS_1146	ONZH01004864.1	28.704	108	62	4	59	158	54180	53878	0.003	45.4
Allobates_kingsburyi_LWS_1146	ONZH01004864.1	23.588	301	204	10	52	340	65715	64855	0.015	43.5
Allobates_kingsburyi_LWS_1146	ONZH01013527.1	37.705	61	38	0	267	327	50450	50268	0.003	45.4
Allobates_kingsburyi_LWS_1146	ONZH01013527.1	31.746	63	43	0	66	128	60868	60680	3.3	35.8
Allobates_kingsburyi_LWS_1146	ONZH01019791.1	22.222	216	128	5	161	342	270142	270771	0.004	45.4
Allobates_kingsburyi_LWS_1146	ONZH01007904.1	21.914	324	208	12	47	340	447462	448388	0.004	45.4
Allobates_kingsburyi_LWS_1146	ONZH01022447.1	30.882	68	47	0	267	334	186220	186017	0.004	45.4
Allobates_kingsburyi_LWS_1146	ONZH01029462.1	21.365	337	233	10	26	343	29810	28839	0.004	45.4
Allobates_kingsburyi_LWS_1146	ONZH01019944.1	22.812	320	211	13	31	334	18821	19720	0.004	45.4
Allobates_kingsburyi_LWS_1146	ONZH01017199.1	20.067	299	201	7	7	283	190610	189762	0.004	45.4
Allobates_kingsburyi_LWS_1146	ONZH01007199.1	26.667	90	56	3	253	336	41049	41306	0.004	45.1
Allobates_kingsburyi_LWS_1146	ONZH01025598.1	28.736	87	59	1	254	337	6907	7167	0.005	45.1
Allobates_kingsburyi_LWS_1146	ONZH01026055.1	21.886	297	189	11	58	334	100667	99846	0.005	45.1
Allobates_kingsburyi_LWS_1146	ONZH01020917.1	19.521	292	196	10	58	331	9861	10673	0.005	45.1
Allobates_kingsburyi_LWS_1146	ONZH01017618.1	23.293	249	169	8	52	285	1841726	1841001	0.005	45.1
Allobates_kingsburyi_LWS_1146	ONZH01004053.1	20.139	288	198	6	21	285	163421	164257	0.006	44.7
Allobates_kingsburyi_LWS_1146	ONZH01012978.1	25.547	137	84	5	207	334	11918	11535	0.007	44.7
Allobates_kingsburyi_LWS_1146	ONZH01015790.1	20.139	288	198	6	21	285	49039	49875	0.007	44.7
Allobates_kingsburyi_LWS_1146	ONZH01016378.1	23.860	285	186	14	59	331	23561	22764	0.007	44.7
Allobates_kingsburyi_LWS_1146	ONZH01021562.1	33.333	66	42	1	271	336	12666	12475	0.007	44.7
Allobates_kingsburyi_LWS_1146	ONZH01016003.1	18.976	332	235	9	8	330	100467	99547	0.008	44.7
Allobates_kingsburyi_LWS_1146	ONZH01016003.1	22.903	310	212	11	33	334	90670	91542	4.1	35.8
Allobates_kingsburyi_LWS_1146	ONZH01011501.1	24.096	249	174	8	93	332	33366	32638	0.008	44.3
Allobates_kingsburyi_LWS_1146	ONZH01031285.1	21.622	259	182	8	82	331	24618	25358	0.008	44.3
Allobates_kingsburyi_LWS_1146	ONZH01031285.1	21.942	278	175	11	81	338	67119	67886	2.6	36.2
Allobates_kingsburyi_LWS_1146	ONZH01031285.1	19.173	266	166	9	93	335	100009	99290	8.8	34.7
Allobates_kingsburyi_LWS_1146	ONZH01001050.1	21.805	266	165	10	82	327	51927	51199	0.009	44.3
Allobates_kingsburyi_LWS_1146	ONZH01001050.1	20.803	274	176	9	81	335	36413	35658	9.2	34.7
Allobates_kingsburyi_LWS_1146	ONZH01025243.1	19.808	313	207	12	49	339	17384	18256	0.010	43.9
Allobates_kingsburyi_LWS_1146	ONZH01006799.1	19.209	354	230	14	9	340	42814	41855	0.010	43.9
Allobates_kingsburyi_LWS_1146	ONZH01001724.1	30.769	91	63	0	46	136	32566	32838	0.010	43.9
Allobates_kingsburyi_LWS_1146	ONZH01020248.1	22.917	144	94	5	205	343	17267	16872	0.010	43.9
Allobates_kingsburyi_LWS_1146	ONZH01007406.1	25.962	104	72	1	55	158	19375	19079	0.011	43.9
Allobates_kingsburyi_LWS_1146	ONZH01007406.1	26.923	104	71	1	55	158	33365	33069	0.023	42.7
Allobates_kingsburyi_LWS_1146	ONZH01004962.1	21.404	285	199	8	70	343	29674	30486	0.012	43.9
Allobates_kingsburyi_LWS_1146	ONZH01004962.1	20.939	277	183	11	72	332	19072	19842	0.096	40.8
Allobates_kingsburyi_LWS_1146	ONZH01017899.1	24.324	222	154	5	56	268	565475	564825	0.014	43.5
Allobates_kingsburyi_LWS_1146	ONZH01020771.1	24.265	272	165	11	82	334	16473	15724	0.014	43.5
Allobates_kingsburyi_LWS_1146	ONZH01022061.1	21.575	292	179	10	70	339	29486	30277	0.014	43.5
Allobates_kingsburyi_LWS_1146	ONZH01012698.1	20.377	265	186	7	90	331	397025	397813	0.016	43.5
Allobates_kingsburyi_LWS_1146	ONZH01000178.1	22.591	301	200	12	59	341	583138	583995	0.016	43.5
Allobates_kingsburyi_LWS_1146	ONZH01000178.1	26.891	119	79	4	6	122	21348	21686	0.090	41.2
Allobates_kingsburyi_LWS_1146	ONZH01029830.1	21.756	262	183	7	81	332	10476	11225	0.017	43.5
Allobates_kingsburyi_LWS_1146	ONZH01026846.1	30.488	82	54	2	251	329	460514	460269	0.017	43.5
Allobates_kingsburyi_LWS_1146	ONZH01001969.1	20.189	317	220	11	42	338	21044	21955	0.017	43.5
Allobates_kingsburyi_LWS_1146	ONZH01024409.1	22.300	287	176	12	65	331	89254	88475	0.017	43.1
Allobates_kingsburyi_LWS_1146	ONZH01027072.1	25.352	142	101	2	54	190	268567	268992	0.018	43.1
Allobates_kingsburyi_LWS_1146	ONZH01030985.1	20.345	290	198	9	65	339	54886	55701	0.018	43.1
Allobates_kingsburyi_LWS_1146	ONZH01009058.1	21.356	295	186	13	70	343	2790	1981	0.021	43.1
Allobates_kingsburyi_LWS_1146	ONZH01016521.1	20.063	319	205	10	41	340	11684	12547	0.021	43.1
Allobates_kingsburyi_LWS_1146	ONZH01029360.1	21.453	289	183	9	70	339	46935	47726	0.024	42.7
Allobates_kingsburyi_LWS_1146	ONZH01029360.1	21.498	307	191	11	55	338	8335	9174	0.43	38.9
Allobates_kingsburyi_LWS_1146	ONZH01010663.1	25.000	112	74	4	220	329	802	491	0.024	42.7
Allobates_kingsburyi_LWS_1146	ONZH01005696.1	23.860	285	186	14	59	331	8270	9067	0.025	42.7
Allobates_kingsburyi_LWS_1146	ONZH01013465.1	22.526	293	189	12	65	340	15392	16207	0.025	42.7
Allobates_kingsburyi_LWS_1146	ONZH01030935.1	24.638	138	90	4	54	184	23384	22992	0.028	42.7
Allobates_kingsburyi_LWS_1146	ONZH01005557.1	24.324	111	81	2	81	190	14695	14369	0.039	42.4
Allobates_kingsburyi_LWS_1146	ONZH01005557.1	25.000	116	76	4	81	190	4207	3875	0.057	41.6
Allobates_kingsburyi_LWS_1146	ONZH01016529.1	29.348	92	59	1	54	139	40258	40533	0.039	42.4
Allobates_kingsburyi_LWS_1146	ONZH01022127.1	26.786	112	71	4	81	186	9428	9748	0.040	42.0
Allobates_kingsburyi_LWS_1146	ONZH01022127.1	23.221	267	173	10	81	332	20571	21320	0.051	42.0
Allobates_kingsburyi_LWS_1146	ONZH01013102.1	20.557	287	180	9	70	335	6877	7656	0.042	42.0
Allobates_kingsburyi_LWS_1146	ONZH01030680.1	22.483	298	188	9	62	338	23706	24533	0.044	42.0
Allobates_kingsburyi_LWS_1146	ONZH01030680.1	23.445	209	126	5	66	253	9860	10447	0.12	40.4
Allobates_kingsburyi_LWS_1146	ONZH01020211.1	23.182	220	145	8	125	338	11614	11009	0.044	42.0
Allobates_kingsburyi_LWS_1146	ONZH01027760.1	25.000	300	190	13	52	334	31972	31127	0.045	42.0
Allobates_kingsburyi_LWS_1146	ONZH01027760.1	20.130	154	102	5	200	341	40940	40506	0.069	41.2
Allobates_kingsburyi_LWS_1146	ONZH01003281.1	20.438	137	94	4	210	343	15954	16328	0.047	42.0
Allobates_kingsburyi_LWS_1146	ONZH01026198.1	19.802	303	175	10	70	339	25220	26023	0.049	42.0
Allobates_kingsburyi_LWS_1146	ONZH01026198.1	23.132	281	183	11	70	335	74547	73759	0.38	38.9
Allobates_kingsburyi_LWS_1146	ONZH01018568.1	23.622	127	89	4	210	332	1114212	1114580	0.049	42.0
Allobates_kingsburyi_LWS_1146	ONZH01025938.1	24.444	135	85	5	205	334	11946	12314	0.050	42.0
Allobates_kingsburyi_LWS_1146	ONZH01029389.1	20.455	264	195	5	84	336	110817	111596	0.050	42.0
Allobates_kingsburyi_LWS_1146	ONZH01023419.1	22.059	136	101	2	70	205	7775	7383	0.050	42.0
Allobates_kingsburyi_LWS_1146	ONZH01003905.1	24.127	315	199	18	35	332	145517	146392	0.051	42.0
Allobates_kingsburyi_LWS_1146	ONZH01004657.1	20.261	306	192	14	57	339	20462	19632	0.052	42.0
Allobates_kingsburyi_LWS_1146	ONZH01002163.1	23.853	109	66	4	239	340	24022	24318	0.052	42.0
Allobates_kingsburyi_LWS_1146	ONZH01026785.1	23.144	229	139	8	125	338	108564	107944	0.053	41.6
Allobates_kingsburyi_LWS_1146	ONZH01025869.1	21.141	298	201	10	57	339	15279	16115	0.057	41.6
Allobates_kingsburyi_LWS_1146	ONZH01023108.1	18.644	295	201	9	58	334	21928	22749	0.058	41.6
Allobates_kingsburyi_LWS_1146	ONZH01030085.1	21.333	300	197	11	51	334	174304	175134	0.059	41.6
Allobates_kingsburyi_LWS_1146	ONZH01030085.1	20.923	325	210	12	37	343	206598	207485	1.6	37.0
Allobates_kingsburyi_LWS_1146	ONZH01030085.1	20.455	308	192	12	61	342	200716	201558	7.9	34.7
Allobates_kingsburyi_LWS_1146	ONZH01011621.1	22.615	283	200	9	65	339	117664	116849	0.070	41.2
Allobates_kingsburyi_LWS_1146	ONZH01000560.1	21.753	308	188	12	58	340	4429	3590	0.072	41.2
Allobates_kingsburyi_LWS_1146	ONZH01020620.1	21.802	344	222	16	12	332	40375	41334	0.073	41.2
Allobates_kingsburyi_LWS_1146	ONZH01010736.1	24.194	124	88	2	57	179	8988	8632	0.076	41.2
Allobates_kingsburyi_LWS_1146	ONZH01025097.1	20.792	303	197	12	57	338	36287	35445	0.082	41.2
Allobates_kingsburyi_LWS_1146	ONZH01008115.1	19.173	266	184	7	91	338	209735	208977	0.084	41.2
Allobates_kingsburyi_LWS_1146	ONZH01000713.1	21.111	270	175	11	81	332	42939	42190	0.097	40.8
Allobates_kingsburyi_LWS_1146	ONZH01000713.1	22.826	276	163	12	81	332	57223	56474	0.34	39.3
Allobates_kingsburyi_LWS_1146	ONZH01000713.1	21.739	276	164	11	81	331	70335	71081	0.87	37.7
Allobates_kingsburyi_LWS_1146	ONZH01004824.1	24.000	75	57	0	262	336	97708	97932	0.10	40.8
Allobates_kingsburyi_LWS_1146	ONZH01004824.1	18.868	106	77	1	246	342	114497	114814	0.55	38.5
Allobates_kingsburyi_LWS_1146	ONZH01004824.1	18.987	158	81	2	228	338	88109	88582	3.6	35.8
Allobates_kingsburyi_LWS_1146	ONZH01018992.1	25.610	82	49	2	82	157	6507	6734	0.11	40.8
Allobates_kingsburyi_LWS_1146	ONZH01011284.1	23.478	115	81	2	228	335	141284	141628	0.11	40.8
Allobates_kingsburyi_LWS_1146	ONZH01011284.1	21.693	189	132	8	163	340	73896	74447	0.14	40.4
Allobates_kingsburyi_LWS_1146	ONZH01005568.1	22.333	300	189	9	59	334	246681	247520	0.12	40.8
Allobates_kingsburyi_LWS_1146	ONZH01010528.1	20.784	255	169	6	53	283	16569	17306	0.13	40.4
Allobates_kingsburyi_LWS_1146	ONZH01017602.1	24.444	135	94	3	54	187	128482	128099	0.14	40.4
Allobates_kingsburyi_LWS_1146	ONZH01030912.1	33.333	69	46	0	68	136	10782	10576	0.14	40.4
Allobates_kingsburyi_LWS_1146	ONZH01030523.1	26.400	125	91	1	65	188	676	302	0.14	40.4
Allobates_kingsburyi_LWS_1146	ONZH01012996.1	24.537	216	135	8	52	253	17349	16744	0.15	40.4
Allobates_kingsburyi_LWS_1146	ONZH01006736.1	22.069	290	196	9	54	331	107078	107893	0.15	40.4
Allobates_kingsburyi_LWS_1146	ONZH01008531.1	20.213	282	184	13	70	332	88730	89509	0.16	40.0
Allobates_kingsburyi_LWS_1146	ONZH01008531.1	31.034	87	53	2	254	340	69940	70179	1.7	37.0
Allobates_kingsburyi_LWS_1146	ONZH01005243.1	23.741	139	88	4	190	328	2634	2272	0.16	40.0
Allobates_kingsburyi_LWS_1146	ONZH01009979.1	22.105	285	189	12	69	338	64360	65160	0.17	40.0
Allobates_kingsburyi_LWS_1146	ONZH01005954.1	21.000	300	196	11	58	338	36050	35217	0.17	40.0
Allobates_kingsburyi_LWS_1146	ONZH01018665.1	22.000	200	140	6	141	336	281050	281613	0.17	40.0
Allobates_kingsburyi_LWS_1146	ONZH01021234.1	23.179	151	98	5	125	265	33859	33431	0.17	40.0
Allobates_kingsburyi_LWS_1146	ONZH01007699.1	25.714	105	69	3	244	342	14314	14619	0.18	40.0
Allobates_kingsburyi_LWS_1146	ONZH01010137.1	21.754	285	188	10	70	338	11825	11028	0.19	40.0
Allobates_kingsburyi_LWS_1146	ONZH01013322.1	22.973	296	192	10	61	339	22207	21377	0.20	40.0
Allobates_kingsburyi_LWS_1146	ONZH01009132.1	23.077	91	69	1	253	343	39315	39584	0.21	40.0
Allobates_kingsburyi_LWS_1146	ONZH01029556.1	21.549	297	186	11	65	339	9643	8828	0.21	39.7
Allobates_kingsburyi_LWS_1146	ONZH01009411.1	21.451	317	216	13	30	334	12427	11540	0.21	39.7
Allobates_kingsburyi_LWS_1146	ONZH01006781.1	23.874	222	141	8	121	327	90831	90205	0.21	39.7
Allobates_kingsburyi_LWS_1146	ONZH01017958.1	25.352	142	82	7	54	185	38014	38397	0.22	39.7
Allobates_kingsburyi_LWS_1146	ONZH01017958.1	22.064	281	174	13	71	331	49178	49945	3.0	36.2
Allobates_kingsburyi_LWS_1146	ONZH01018110.1	25.352	142	82	7	54	185	2699	2316	0.22	39.7
Allobates_kingsburyi_LWS_1146	ONZH01018110.1	23.585	106	71	3	81	182	12388	12089	1.9	37.0
Allobates_kingsburyi_LWS_1146	ONZH01006049.1	21.359	309	198	14	55	339	23293	22430	0.23	39.7
Allobates_kingsburyi_LWS_1146	ONZH01016151.1	25.000	84	62	1	260	343	46028	45780	0.23	39.7
Allobates_kingsburyi_LWS_1146	ONZH01024757.1	23.906	297	169	14	70	339	79998	80798	0.25	39.7
Allobates_kingsburyi_LWS_1146	ONZH01008157.1	21.555	283	193	11	66	336	14174	14971	0.25	39.7
Allobates_kingsburyi_LWS_1146	ONZH01017163.1	23.333	300	202	9	53	340	9371	10222	0.25	39.7
Allobates_kingsburyi_LWS_1146	ONZH01022415.1	23.510	302	181	15	66	336	11575	12423	0.25	39.7
Allobates_kingsburyi_LWS_1146	ONZH01024647.1	19.298	285	205	11	58	331	13514	14326	0.26	39.7
Allobates_kingsburyi_LWS_1146	ONZH01012792.1	23.636	275	161	13	81	332	24604	25350	0.28	39.3
Allobates_kingsburyi_LWS_1146	ONZH01019382.1	21.014	276	175	11	81	336	7185	7943	0.29	39.3
Allobates_kingsburyi_LWS_1146	ONZH01019382.1	24.074	108	68	3	57	157	26259	25957	3.0	36.2
Allobates_kingsburyi_LWS_1146	ONZH01011102.1	26.415	106	73	1	70	170	70339	70656	0.30	39.3
Allobates_kingsburyi_LWS_1146	ONZH01011102.1	20.769	130	92	3	70	193	40868	40494	1.1	37.4
Allobates_kingsburyi_LWS_1146	ONZH01010005.1	22.878	271	162	10	83	331	18222	18959	0.31	39.3
Allobates_kingsburyi_LWS_1146	ONZH01010926.1	27.711	83	50	2	81	158	11680	11447	0.33	39.3
Allobates_kingsburyi_LWS_1146	ONZH01028658.1	22.327	318	179	12	54	340	20818	19976	0.36	38.9
Allobates_kingsburyi_LWS_1146	ONZH01016373.1	21.071	280	190	12	78	342	87815	88606	0.39	38.9
Allobates_kingsburyi_LWS_1146	ONZH01015347.1	22.074	299	156	13	70	331	46311	45535	0.40	38.9
Allobates_kingsburyi_LWS_1146	ONZH01005211.1	21.854	151	102	5	53	192	26925	27362	0.47	38.9
Allobates_kingsburyi_LWS_1146	ONZH01005211.1	23.529	119	72	4	53	159	38003	38338	8.6	34.7
Allobates_kingsburyi_LWS_1146	ONZH01008253.1	30.000	70	43	3	267	332	25689	25486	0.48	38.5
Allobates_kingsburyi_LWS_1146	ONZH01025223.1	24.242	132	94	3	21	150	19931	20314	0.49	38.5
Allobates_kingsburyi_LWS_1146	ONZH01016749.1	22.997	287	194	12	57	331	139709	138894	0.50	38.5
Allobates_kingsburyi_LWS_1146	ONZH01009423.1	18.983	295	204	8	59	337	37460	38287	0.51	38.5
Allobates_kingsburyi_LWS_1146	ONZH01023389.1	21.277	235	148	9	125	342	34206	33562	0.52	38.5
Allobates_kingsburyi_LWS_1146	ONZH01005365.1	21.159	345	234	13	13	336	27755	26772	0.52	38.5
Allobates_kingsburyi_LWS_1146	ONZH01004752.1	28.750	80	54	3	251	329	4767	4534	0.55	38.5
Allobates_kingsburyi_LWS_1146	ONZH01004752.1	25.490	102	66	4	229	329	38471	38193	0.80	38.1
Allobates_kingsburyi_LWS_1146	ONZH01007025.1	20.270	296	185	12	64	336	27072	26269	0.56	38.5
Allobates_kingsburyi_LWS_1146	ONZH01018317.1	20.470	298	187	12	57	332	8153	8962	0.57	38.5
Allobates_kingsburyi_LWS_1146	ONZH01017280.1	23.889	180	128	4	10	185	36773	36249	0.58	38.5
Allobates_kingsburyi_LWS_1146	ONZH01017280.1	31.818	88	52	3	251	337	35858	35616	6.1	35.0
Allobates_kingsburyi_LWS_1146	ONZH01002354.1	20.290	276	177	10	81	336	7588	6830	0.62	38.1
Allobates_kingsburyi_LWS_1146	ONZH01023968.1	24.742	97	64	3	251	343	17043	17318	0.62	38.5
Allobates_kingsburyi_LWS_1146	ONZH01006373.1	21.495	107	73	3	55	158	25802	26098	0.65	38.1
Allobates_kingsburyi_LWS_1146	ONZH01012072.1	22.128	235	148	9	125	343	6750	7397	0.69	38.1
Allobates_kingsburyi_LWS_1146	ONZH01014296.1	20.349	172	111	6	57	216	15452	14979	0.70	38.1
Allobates_kingsburyi_LWS_1146	ONZH01011419.1	23.016	126	88	3	59	177	100525	100896	0.73	38.1
Allobates_kingsburyi_LWS_1146	ONZH01018495.1	21.053	209	138	8	143	340	10631	10053	0.80	38.1
Allobates_kingsburyi_LWS_1146	ONZH01026686.1	23.077	273	138	13	87	331	11801	11115	0.81	38.1
Allobates_kingsburyi_LWS_1146	ONZH01018246.1	23.358	274	180	13	78	336	7792	7016	0.86	37.7
Allobates_kingsburyi_LWS_1146	ONZH01024679.1	26.852	108	73	3	55	158	8998	8681	0.88	37.7
Allobates_kingsburyi_LWS_1146	ONZH01029883.1	19.792	288	200	10	70	343	33898	33086	0.89	37.7
Allobates_kingsburyi_LWS_1146	ONZH01012075.1	22.951	122	82	4	216	334	3594	3932	0.91	37.7
Allobates_kingsburyi_LWS_1146	ONZH01024856.1	25.641	78	56	2	254	330	12854	13084	0.96	37.7
Allobates_kingsburyi_LWS_1146	ONZH01014076.1	19.574	235	127	8	150	336	43947	44609	0.97	37.7
Allobates_kingsburyi_LWS_1146	ONZH01011829.1	22.727	88	65	1	252	336	51846	51583	1.0	37.7
Allobates_kingsburyi_LWS_1146	ONZH01001887.1	23.404	94	68	1	250	339	56733	56452	1.0	37.7
Allobates_kingsburyi_LWS_1146	ONZH01008107.1	21.212	231	147	9	125	339	22920	23555	1.1	37.4
Allobates_kingsburyi_LWS_1146	ONZH01006341.1	19.128	298	197	10	31	299	111734	110886	1.2	37.4
Allobates_kingsburyi_LWS_1146	ONZH01008733.1	23.423	111	79	3	225	329	78001	77669	1.2	37.4
Allobates_kingsburyi_LWS_1146	ONZH01000744.1	30.000	70	44	2	261	327	734396	734193	1.2	37.4
Allobates_kingsburyi_LWS_1146	ONZH01006674.1	26.214	103	68	1	34	136	613150	612866	1.2	37.4
Allobates_kingsburyi_LWS_1146	ONZH01024551.1	22.648	287	178	13	71	336	133080	133871	1.3	37.4
Allobates_kingsburyi_LWS_1146	ONZH01024551.1	21.951	287	184	12	69	336	86229	87026	3.4	35.8
Allobates_kingsburyi_LWS_1146	ONZH01023171.1	29.870	77	48	2	267	340	89090	88869	1.3	37.4
Allobates_kingsburyi_LWS_1146	ONZH01022643.1	25.000	136	89	4	30	158	8565	8954	1.3	37.4
Allobates_kingsburyi_LWS_1146	ONZH01002929.1	26.415	106	68	3	57	158	5552	5253	1.4	37.4
Allobates_kingsburyi_LWS_1146	ONZH01017421.1	28.037	107	69	3	56	157	40936	41247	1.4	37.4
Allobates_kingsburyi_LWS_1146	ONZH01017421.1	29.358	109	69	3	55	158	20781	21098	1.4	37.4
Allobates_kingsburyi_LWS_1146	ONZH01025361.1	18.728	283	196	7	65	335	62548	63330	1.4	37.4
Allobates_kingsburyi_LWS_1146	ONZH01013765.1	21.212	165	118	5	15	177	255399	255863	1.4	37.0
Allobates_kingsburyi_LWS_1146	ONZH01013765.1	22.581	124	93	2	55	177	274768	275133	3.5	35.8
Allobates_kingsburyi_LWS_1146	ONZH01006766.1	23.558	208	141	6	54	248	17600	16992	1.5	37.0
Allobates_kingsburyi_LWS_1146	ONZH01020209.1	22.271	229	142	10	125	338	19941	20564	1.6	37.0
Allobates_kingsburyi_LWS_1146	ONZH01026609.1	22.456	285	170	11	70	334	200614	201375	1.6	37.0
Allobates_kingsburyi_LWS_1146	ONZH01012068.1	20.000	310	197	12	56	340	36893	36042	1.8	37.0
Allobates_kingsburyi_LWS_1146	ONZH01030089.1	23.301	103	69	2	61	158	24249	23956	1.9	36.6
Allobates_kingsburyi_LWS_1146	ONZH01007981.1	25.974	77	55	2	254	330	53672	53448	2.0	36.6
Allobates_kingsburyi_LWS_1146	ONZH01024142.1	26.582	79	56	2	252	330	96715	96485	2.1	36.6
Allobates_kingsburyi_LWS_1146	ONZH01028266.1	24.510	102	67	4	229	329	13123	13401	2.2	36.6
Allobates_kingsburyi_LWS_1146	ONZH01008600.1	20.270	296	182	11	70	340	52047	51247	2.2	36.6
Allobates_kingsburyi_LWS_1146	ONZH01018843.1	20.513	273	176	11	81	334	12168	12920	2.2	36.6
Allobates_kingsburyi_LWS_1146	ONZH01013864.1	26.452	155	82	8	125	261	95206	94784	2.3	36.6
Allobates_kingsburyi_LWS_1146	ONZH01013864.1	21.154	208	139	8	143	340	193288	192710	3.6	35.8
Allobates_kingsburyi_LWS_1146	ONZH01013864.1	26.452	155	82	8	125	261	74507	74085	5.0	35.4
Allobates_kingsburyi_LWS_1146	ONZH01017409.1	18.220	236	149	7	125	339	19540	20178	2.3	36.6
Allobates_kingsburyi_LWS_1146	ONZH01025920.1	32.432	74	44	3	260	330	87245	87033	2.5	36.2
Allobates_kingsburyi_LWS_1146	ONZH01023682.1	20.833	240	157	10	59	278	387212	386532	2.6	36.2
Allobates_kingsburyi_LWS_1146	ONZH01024946.1	26.000	100	68	3	58	156	48602	48886	2.7	36.2
Allobates_kingsburyi_LWS_1146	ONZH01001806.1	24.211	95	70	2	247	339	7414	7130	2.8	36.2
Allobates_kingsburyi_LWS_1146	ONZH01009401.1	23.077	78	60	0	81	158	23538	23771	3.0	36.2
Allobates_kingsburyi_LWS_1146	ONZH01014730.1	20.915	153	92	4	53	180	24493	24047	3.0	36.2
Allobates_kingsburyi_LWS_1146	ONZH01010716.1	25.926	81	57	3	251	329	20205	19966	3.3	35.8
Allobates_kingsburyi_LWS_1146	ONZH01012009.1	20.472	127	92	3	57	178	58298	58666	3.6	35.8
Allobates_kingsburyi_LWS_1146	ONZH01013003.1	20.000	280	185	12	70	331	19203	19979	4.2	35.8
Allobates_kingsburyi_LWS_1146	ONZH01028102.1	19.118	136	87	3	216	331	26579	26977	4.6	35.4
Allobates_kingsburyi_LWS_1146	ONZH01019579.1	21.895	306	204	11	43	334	79301	78447	4.8	35.4
Allobates_kingsburyi_LWS_1146	ONZH01012215.1	20.578	277	181	9	82	340	15583	14816	4.8	35.4
Allobates_kingsburyi_LWS_1146	ONZH01020285.1	22.464	276	177	10	82	340	2222	2989	5.6	35.4
Allobates_kingsburyi_LWS_1146	ONZH01017262.1	23.841	151	100	5	146	290	133080	133505	5.7	35.0
Allobates_kingsburyi_LWS_1146	ONZH01002153.1	17.668	283	212	8	66	339	17022	16210	5.8	35.0
Allobates_kingsburyi_LWS_1146	ONZH01029860.1	20.168	119	91	2	59	175	41384	41034	5.9	35.0
Allobates_kingsburyi_LWS_1146	ONZH01013048.1	19.742	233	150	8	125	340	145823	145185	6.5	35.0
Allobates_kingsburyi_LWS_1146	ONZH01001291.1	24.786	117	74	4	221	334	38817	38500	6.6	35.0
Allobates_kingsburyi_LWS_1146	ONZH01009588.1	21.523	302	187	9	57	335	24401	23577	6.7	35.0
Allobates_kingsburyi_LWS_1146	ONZH01020970.1	26.829	82	50	4	81	157	20128	19898	6.8	35.0
Allobates_kingsburyi_LWS_1146	ONZH01016603.1	23.308	133	83	6	216	332	115780	116169	6.9	35.0
Allobates_kingsburyi_LWS_1146	ONZH01015745.1	30.137	73	43	2	133	205	228945	229139	6.9	35.0
Allobates_kingsburyi_LWS_1146	ONZH01010301.1	21.402	271	173	10	81	332	4847	5596	7.1	35.0
Allobates_kingsburyi_LWS_1146	ONZH01002203.1	22.059	272	167	9	81	331	22546	21803	7.5	34.7
Allobates_kingsburyi_LWS_1146	ONZH01016257.1	22.105	285	175	12	70	332	36324	37103	7.9	34.7
Allobates_kingsburyi_LWS_1146	ONZH01016631.1	21.131	336	221	13	17	335	101758	102684	8.2	34.7
Allobates_kingsburyi_LWS_1146	ONZH01024993.1	19.079	304	208	10	50	336	189244	188396	8.3	34.7
Allobates_kingsburyi_LWS_1146	ONZH01024993.1	21.341	164	113	6	6	158	197646	197170	9.3	34.7
Allobates_kingsburyi_LWS_1146	ONZH01026162.1	25.620	121	77	3	81	188	106606	106244	8.7	34.7
Allobates_kingsburyi_LWS_1146	ONZH01020971.1	22.488	209	148	6	82	285	10206	9607	8.9	34.7
Allobates_kingsburyi_LWS_1146	ONZH01012475.1	20.619	291	191	9	66	339	31519	32322	9.2	34.7
Allobates_kingsburyi_LWS_1146	ONZH01012291.1	21.356	295	177	12	70	338	42198	41401	9.5	34.7
Allobates_kingsburyi_LWS_1146	ONZH01020867.1	22.430	107	75	2	60	162	17204	17512	9.5	34.7
# BLAST processed 1 queries
