# TBLASTN 2.12.0+
# Query: Allobates_kingsburyi_LWS_1146
# Database: ../blastDB/RanitomeyaDB/Ranitomeya.0
# Fields: query acc.ver, subject acc.ver, % identity, alignment length, mismatches, gap opens, q. start, q. end, s. start, s. end, evalue, bit score
# 484 hits found
Allobates_kingsburyi_LWS_1146	CAJOBX010072427.1	94.000	100	6	0	37	136	68817	68518	3.26e-54	199
Allobates_kingsburyi_LWS_1146	CAJOBX010072427.1	98.795	83	1	0	245	327	66430	66182	4.56e-44	169
Allobates_kingsburyi_LWS_1146	CAJOBX010072427.1	95.000	60	3	0	192	251	67639	67460	2.67e-28	123
Allobates_kingsburyi_LWS_1146	CAJOBX010072427.1	77.632	76	16	1	118	192	68116	67889	2.35e-27	120
Allobates_kingsburyi_LWS_1146	CAJOBX010072427.1	82.000	50	5	1	1	46	71661	71512	7.98e-14	80.1
Allobates_kingsburyi_LWS_1146	CAJOBX010072427.1	94.118	17	1	0	327	343	65030	64980	0.91	39.3
Allobates_kingsburyi_LWS_1146	CAJOBX010018113.1	85.000	100	15	0	37	136	1227037	1226738	5.97e-48	181
Allobates_kingsburyi_LWS_1146	CAJOBX010018113.1	78.824	85	18	0	248	332	1219116	1218862	2.32e-37	150
Allobates_kingsburyi_LWS_1146	CAJOBX010018113.1	61.039	77	28	1	192	268	1222535	1222311	2.65e-19	96.7
Allobates_kingsburyi_LWS_1146	CAJOBX010018113.1	75.510	49	12	0	136	184	1223897	1223751	9.22e-15	83.2
Allobates_kingsburyi_LWS_1146	CAJOBX010018113.1	80.000	20	4	0	19	38	1232270	1232211	2.6	37.7
Allobates_kingsburyi_LWS_1146	CAJOBX010007158.1	62.025	79	30	0	249	327	130510	130746	1.97e-24	112
Allobates_kingsburyi_LWS_1146	CAJOBX010007158.1	50.000	66	33	0	132	197	118581	118778	3.31e-11	72.0
Allobates_kingsburyi_LWS_1146	CAJOBX010007158.1	35.185	108	60	4	34	134	115464	115778	0.014	45.1
Allobates_kingsburyi_LWS_1146	CAJOBX010072048.1	30.802	237	102	3	13	192	15333174	15332479	4.41e-24	111
Allobates_kingsburyi_LWS_1146	CAJOBX010072048.1	51.351	74	36	0	254	327	15331668	15331447	7.68e-16	86.3
Allobates_kingsburyi_LWS_1146	CAJOBX010072048.1	26.429	140	98	2	57	191	22421940	22422359	0.015	45.1
Allobates_kingsburyi_LWS_1146	CAJOBX010072048.1	36.207	58	37	0	192	249	15332231	15332058	0.18	41.2
Allobates_kingsburyi_LWS_1146	CAJOBX010072048.1	27.692	65	41	1	208	272	15046665	15046841	4.3	37.0
Allobates_kingsburyi_LWS_1146	CAJOBX010016668.1	45.763	118	55	1	116	233	8189224	8189550	8.66e-23	107
Allobates_kingsburyi_LWS_1146	CAJOBX010017724.1	32.143	168	82	1	192	327	95097	95600	4.54e-21	102
Allobates_kingsburyi_LWS_1146	CAJOBX010017724.1	30.137	146	93	3	20	156	92916	93353	1.69e-11	73.2
Allobates_kingsburyi_LWS_1146	CAJOBX010017724.1	46.154	65	35	0	128	192	94363	94557	2.69e-08	63.2
Allobates_kingsburyi_LWS_1146	CAJOBX010072493.1	31.429	175	87	2	186	327	280996	280472	7.16e-20	98.6
Allobates_kingsburyi_LWS_1146	CAJOBX010072493.1	36.893	103	65	0	36	138	283996	283688	1.74e-12	76.3
Allobates_kingsburyi_LWS_1146	CAJOBX010072493.1	25.000	192	133	4	66	253	1606840	1606286	3.61e-08	62.8
Allobates_kingsburyi_LWS_1146	CAJOBX010072493.1	45.455	66	34	1	129	192	282261	282064	8.78e-07	58.5
Allobates_kingsburyi_LWS_1146	CAJOBX010026903.1	51.765	85	41	0	248	332	247409	247155	4.35e-19	96.3
Allobates_kingsburyi_LWS_1146	CAJOBX010026903.1	37.500	128	76	2	15	140	275019	274642	4.43e-16	87.0
Allobates_kingsburyi_LWS_1146	CAJOBX010026903.1	43.860	57	32	0	136	192	272116	271946	1.59e-06	57.4
Allobates_kingsburyi_LWS_1146	CAJOBX010026903.1	32.812	64	43	0	191	254	269271	269080	0.49	40.0
Allobates_kingsburyi_LWS_1146	CAJOBX010007180.1	50.633	79	39	0	254	332	398483	398719	1.38e-18	94.7
Allobates_kingsburyi_LWS_1146	CAJOBX010007180.1	41.593	113	64	1	136	248	392228	392560	1.66e-17	91.3
Allobates_kingsburyi_LWS_1146	CAJOBX010007180.1	37.288	118	68	1	19	136	385012	385347	6.60e-14	80.5
Allobates_kingsburyi_LWS_1146	CAJOBX010027224.1	46.341	82	44	0	248	329	206043	205798	3.90e-18	93.2
Allobates_kingsburyi_LWS_1146	CAJOBX010027224.1	41.414	99	57	1	38	136	276755	276462	4.72e-14	80.9
Allobates_kingsburyi_LWS_1146	CAJOBX010027224.1	48.571	70	36	0	136	205	257907	257698	3.85e-13	78.2
Allobates_kingsburyi_LWS_1146	CAJOBX010006235.1	45.882	85	44	1	246	330	50531	50779	1.45e-15	85.5
Allobates_kingsburyi_LWS_1146	CAJOBX010006235.1	35.652	115	72	1	134	248	42447	42785	5.40e-14	80.9
Allobates_kingsburyi_LWS_1146	CAJOBX010034670.1	22.603	292	216	6	54	339	32318	31455	1.15e-14	82.8
Allobates_kingsburyi_LWS_1146	CAJOBX010005335.1	25.641	312	201	9	48	340	2610800	2611699	6.90e-11	71.2
Allobates_kingsburyi_LWS_1146	CAJOBX010005335.1	20.944	339	218	12	24	338	2562973	2563911	1.71e-09	67.0
Allobates_kingsburyi_LWS_1146	CAJOBX010005335.1	24.044	366	201	17	15	340	2728102	2729088	2.03e-09	66.6
Allobates_kingsburyi_LWS_1146	CAJOBX010005335.1	23.848	369	201	14	15	340	2693462	2694457	1.25e-08	64.3
Allobates_kingsburyi_LWS_1146	CAJOBX010005335.1	21.937	351	234	12	12	340	2630681	2629683	9.98e-08	61.2
Allobates_kingsburyi_LWS_1146	CAJOBX010005335.1	25.439	342	215	16	21	340	2679136	2680107	2.09e-07	60.5
Allobates_kingsburyi_LWS_1146	CAJOBX010005335.1	22.039	304	209	9	57	340	2651331	2652218	3.06e-07	59.7
Allobates_kingsburyi_LWS_1146	CAJOBX010005335.1	23.934	305	202	11	57	340	2671617	2672504	6.68e-07	58.5
Allobates_kingsburyi_LWS_1146	CAJOBX010005335.1	24.036	337	204	16	31	340	2639835	2640770	1.62e-05	54.3
Allobates_kingsburyi_LWS_1146	CAJOBX010071369.1	41.584	101	49	3	235	334	82529	82804	7.12e-11	71.2
Allobates_kingsburyi_LWS_1146	CAJOBX010016892.1	23.179	302	194	11	59	337	166006	165146	1.14e-09	67.4
Allobates_kingsburyi_LWS_1146	CAJOBX010012058.1	22.826	276	193	7	70	336	12598	11804	1.17e-09	67.4
Allobates_kingsburyi_LWS_1146	CAJOBX010001538.1	24.188	277	180	10	70	331	22827	22042	1.40e-09	67.0
Allobates_kingsburyi_LWS_1146	CAJOBX010026224.1	19.079	304	214	7	53	343	1016650	1017504	4.59e-09	65.5
Allobates_kingsburyi_LWS_1146	CAJOBX010026224.1	21.453	289	191	10	70	342	860633	861439	6.53e-08	62.0
Allobates_kingsburyi_LWS_1146	CAJOBX010026224.1	18.855	297	209	7	60	343	1001488	1002321	1.21e-06	57.8
Allobates_kingsburyi_LWS_1146	CAJOBX010026224.1	20.070	284	193	9	66	335	1181657	1180866	1.24e-06	57.8
Allobates_kingsburyi_LWS_1146	CAJOBX010026224.1	20.068	294	209	7	57	340	1273437	1274270	1.61e-04	51.2
Allobates_kingsburyi_LWS_1146	CAJOBX010026224.1	22.979	235	141	7	125	342	98784	99419	3.84e-04	50.1
Allobates_kingsburyi_LWS_1146	CAJOBX010026224.1	20.000	285	193	10	71	340	120735	121529	0.001	48.1
Allobates_kingsburyi_LWS_1146	CAJOBX010026224.1	19.802	303	187	8	66	342	825736	824918	0.017	44.7
Allobates_kingsburyi_LWS_1146	CAJOBX010026224.1	19.648	341	211	11	30	342	916297	915380	0.023	44.3
Allobates_kingsburyi_LWS_1146	CAJOBX010026224.1	18.375	283	199	7	70	339	1065555	1064764	0.026	44.3
Allobates_kingsburyi_LWS_1146	CAJOBX010026224.1	19.601	301	205	10	57	340	227556	226714	0.068	42.7
Allobates_kingsburyi_LWS_1146	CAJOBX010026224.1	20.000	265	188	7	83	338	548981	549730	0.23	41.2
Allobates_kingsburyi_LWS_1146	CAJOBX010026224.1	20.221	272	173	11	83	335	350731	351471	0.25	40.8
Allobates_kingsburyi_LWS_1146	CAJOBX010026224.1	20.000	280	174	9	83	340	171147	171902	0.27	40.8
Allobates_kingsburyi_LWS_1146	CAJOBX010026224.1	21.739	207	128	8	143	335	444335	444895	0.33	40.4
Allobates_kingsburyi_LWS_1146	CAJOBX010026224.1	19.318	264	181	9	85	335	1251600	1252334	0.59	39.7
Allobates_kingsburyi_LWS_1146	CAJOBX010026224.1	21.759	216	131	10	143	342	582437	583018	0.81	39.3
Allobates_kingsburyi_LWS_1146	CAJOBX010026224.1	20.984	305	182	14	58	335	414809	415627	1.9	38.1
Allobates_kingsburyi_LWS_1146	CAJOBX010026224.1	19.298	285	194	10	70	339	1202605	1201814	4.9	37.0
Allobates_kingsburyi_LWS_1146	CAJOBX010026224.1	20.641	281	171	10	83	340	333302	334057	5.4	36.6
Allobates_kingsburyi_LWS_1146	CAJOBX010026224.1	19.565	230	151	8	125	340	535640	536269	9.3	35.8
Allobates_kingsburyi_LWS_1146	CAJOBX010010928.1	38.750	80	47	2	252	330	44794	44558	1.16e-08	64.3
Allobates_kingsburyi_LWS_1146	CAJOBX010000002.1	24.042	287	200	7	54	329	7580173	7581012	1.69e-08	63.9
Allobates_kingsburyi_LWS_1146	CAJOBX010001100.1	22.549	306	207	13	57	343	31074	31958	2.15e-08	63.5
Allobates_kingsburyi_LWS_1146	CAJOBX010001100.1	20.984	305	209	9	57	338	6487	7374	3.12e-07	59.7
Allobates_kingsburyi_LWS_1146	CAJOBX010055556.1	22.819	298	204	8	54	336	19576786	19577646	3.46e-08	62.8
Allobates_kingsburyi_LWS_1146	CAJOBX010055556.1	26.923	130	91	3	60	188	12568292	12567912	0.96	39.3
Allobates_kingsburyi_LWS_1146	CAJOBX010004335.1	19.553	358	237	9	11	340	5722085	5723089	3.55e-08	62.8
Allobates_kingsburyi_LWS_1146	CAJOBX010004335.1	21.307	352	214	13	14	339	5571101	5572045	7.39e-06	55.5
Allobates_kingsburyi_LWS_1146	CAJOBX010004335.1	22.368	304	180	12	65	343	5639416	5640234	8.68e-05	52.0
Allobates_kingsburyi_LWS_1146	CAJOBX010004335.1	21.515	330	192	14	37	339	5614667	5615536	0.002	48.1
Allobates_kingsburyi_LWS_1146	CAJOBX010004335.1	28.440	109	69	3	231	339	5585302	5585601	0.38	40.4
Allobates_kingsburyi_LWS_1146	CAJOBX010004335.1	25.773	97	66	3	65	158	5681571	5681852	0.52	36.2
Allobates_kingsburyi_LWS_1146	CAJOBX010004335.1	39.286	28	17	0	167	194	5681899	5681982	0.52	21.9
Allobates_kingsburyi_LWS_1146	CAJOBX010018668.1	25.126	199	139	4	67	264	220909	221478	4.12e-08	62.4
Allobates_kingsburyi_LWS_1146	CAJOBX010017779.1	22.759	290	189	8	70	343	3081276	3082088	9.72e-08	61.2
Allobates_kingsburyi_LWS_1146	CAJOBX010017779.1	21.843	293	194	10	61	337	3176015	3176836	7.76e-07	58.5
Allobates_kingsburyi_LWS_1146	CAJOBX010017779.1	19.732	299	213	6	57	342	3184184	3183330	4.04e-06	56.2
Allobates_kingsburyi_LWS_1146	CAJOBX010017779.1	21.753	308	201	11	53	341	3434279	3433419	4.26e-06	56.2
Allobates_kingsburyi_LWS_1146	CAJOBX010017779.1	21.782	303	187	12	56	337	3150139	3150960	2.17e-05	53.9
Allobates_kingsburyi_LWS_1146	CAJOBX010017779.1	21.502	293	197	9	65	342	3350642	3349818	3.86e-05	53.1
Allobates_kingsburyi_LWS_1146	CAJOBX010017779.1	21.036	309	202	11	53	341	3377560	3376700	2.24e-04	50.8
Allobates_kingsburyi_LWS_1146	CAJOBX010017779.1	21.993	291	198	8	55	331	3239320	3238493	6.20e-04	49.3
Allobates_kingsburyi_LWS_1146	CAJOBX010017779.1	21.753	308	199	12	55	341	3404080	3403220	0.001	48.9
Allobates_kingsburyi_LWS_1146	CAJOBX010017779.1	20.513	312	200	12	55	342	3225544	3224681	0.025	44.3
Allobates_kingsburyi_LWS_1146	CAJOBX010017779.1	20.779	231	148	9	125	339	3099002	3098367	0.068	42.7
Allobates_kingsburyi_LWS_1146	CAJOBX010017779.1	25.385	130	83	6	213	335	16309697	16309329	1.8	38.1
Allobates_kingsburyi_LWS_1146	CAJOBX010070002.1	23.264	288	203	8	66	343	513169	514008	1.22e-07	61.2
Allobates_kingsburyi_LWS_1146	CAJOBX010034625.1	23.948	309	209	13	43	343	77065	76193	1.42e-07	60.8
Allobates_kingsburyi_LWS_1146	CAJOBX010034625.1	21.752	331	226	15	26	343	148163	147231	3.03e-04	50.4
Allobates_kingsburyi_LWS_1146	CAJOBX010034625.1	22.034	295	207	11	53	343	87784	86957	0.016	44.7
Allobates_kingsburyi_LWS_1146	CAJOBX010034625.1	22.523	333	221	15	26	343	165884	164952	0.075	42.7
Allobates_kingsburyi_LWS_1146	CAJOBX010034625.1	22.462	325	226	12	28	342	138337	137411	0.10	42.4
Allobates_kingsburyi_LWS_1146	CAJOBX010034625.1	22.569	288	184	11	59	331	229073	228282	0.68	39.7
Allobates_kingsburyi_LWS_1146	CAJOBX010009002.1	26.351	296	184	14	67	341	604940	605788	2.13e-07	60.5
Allobates_kingsburyi_LWS_1146	CAJOBX010043875.1	32.743	113	74	1	136	248	4762	5094	2.48e-07	60.1
Allobates_kingsburyi_LWS_1146	CAJOBX010029802.1	20.861	302	201	11	70	337	229222	228329	4.11e-07	59.3
Allobates_kingsburyi_LWS_1146	CAJOBX010005058.1	17.160	338	247	5	28	338	268562	267567	4.19e-07	59.3
Allobates_kingsburyi_LWS_1146	CAJOBX010013533.1	31.933	119	76	3	136	253	15985	15641	4.44e-07	59.3
Allobates_kingsburyi_LWS_1146	CAJOBX010004888.1	26.667	285	176	11	66	332	35149	34340	5.32e-07	58.9
Allobates_kingsburyi_LWS_1146	CAJOBX010072937.1	24.573	293	202	9	54	339	775242	776084	5.91e-07	58.9
Allobates_kingsburyi_LWS_1146	CAJOBX010044714.1	25.221	226	160	5	33	253	26527	25862	7.15e-07	58.5
Allobates_kingsburyi_LWS_1146	CAJOBX010072468.1	35.616	73	47	0	257	329	106690	106908	8.89e-07	58.2
Allobates_kingsburyi_LWS_1146	CAJOBX010072468.1	35.922	103	64	2	136	238	99567	99869	2.50e-04	50.4
Allobates_kingsburyi_LWS_1146	CAJOBX010072468.1	25.000	104	78	0	33	136	69696	70007	2.4	37.7
Allobates_kingsburyi_LWS_1146	CAJOBX010000525.1	25.461	271	164	9	90	331	58144	58929	1.62e-06	57.4
Allobates_kingsburyi_LWS_1146	CAJOBX010007480.1	24.615	195	119	6	165	338	372232	371669	1.72e-06	57.4
Allobates_kingsburyi_LWS_1146	CAJOBX010001114.1	23.667	300	203	8	54	335	149549	150424	2.13e-06	57.0
Allobates_kingsburyi_LWS_1146	CAJOBX010010890.1	21.739	276	197	9	70	335	2238259	2237459	2.30e-06	57.0
Allobates_kingsburyi_LWS_1146	CAJOBX010010890.1	22.430	107	76	3	229	331	1856864	1857175	2.6	37.7
Allobates_kingsburyi_LWS_1146	CAJOBX010033334.1	22.174	230	163	6	25	246	20864167	20864832	2.54e-06	57.0
Allobates_kingsburyi_LWS_1146	CAJOBX010033334.1	24.199	281	193	12	59	330	10852573	10851764	1.09e-04	51.6
Allobates_kingsburyi_LWS_1146	CAJOBX010033334.1	22.105	95	69	2	250	339	20865133	20865417	3.4	37.4
Allobates_kingsburyi_LWS_1146	CAJOBX010045113.1	23.846	260	166	10	86	329	272244	272975	2.56e-06	57.0
Allobates_kingsburyi_LWS_1146	CAJOBX010058446.1	21.453	289	175	10	70	335	299405	300184	2.79e-06	56.6
Allobates_kingsburyi_LWS_1146	CAJOBX010058446.1	20.183	327	218	9	28	339	324291	325187	2.79e-05	53.5
Allobates_kingsburyi_LWS_1146	CAJOBX010058446.1	21.769	294	178	14	70	340	340081	339287	0.004	47.0
Allobates_kingsburyi_LWS_1146	CAJOBX010007113.1	21.802	344	222	14	4	336	602740	601817	2.97e-06	56.6
Allobates_kingsburyi_LWS_1146	CAJOBX010007779.1	32.468	77	52	0	260	336	19189278	19189508	3.70e-06	56.2
Allobates_kingsburyi_LWS_1146	CAJOBX010007779.1	27.976	168	101	7	101	257	19187379	19187855	0.005	46.6
Allobates_kingsburyi_LWS_1146	CAJOBX010007779.1	23.913	230	133	10	125	335	20673652	20673032	0.010	45.4
Allobates_kingsburyi_LWS_1146	CAJOBX010007779.1	23.605	233	138	9	125	339	20653702	20653070	0.029	43.9
Allobates_kingsburyi_LWS_1146	CAJOBX010007779.1	20.266	301	204	10	56	339	21066732	21065887	0.94	39.3
Allobates_kingsburyi_LWS_1146	CAJOBX010007779.1	24.123	228	137	9	125	336	20609264	20608641	1.6	38.5
Allobates_kingsburyi_LWS_1146	CAJOBX010017584.1	22.654	309	195	12	52	339	2763	1906	3.84e-06	56.2
Allobates_kingsburyi_LWS_1146	CAJOBX010045903.1	26.291	213	136	8	66	273	186776	186186	3.99e-06	56.2
Allobates_kingsburyi_LWS_1146	CAJOBX010044445.1	22.483	298	195	10	59	340	33991943	33992776	4.26e-06	56.2
Allobates_kingsburyi_LWS_1146	CAJOBX010044445.1	22.034	295	198	9	59	339	33945051	33944221	0.011	45.4
Allobates_kingsburyi_LWS_1146	CAJOBX010044445.1	22.105	285	184	11	59	327	24585195	24584407	0.035	43.5
Allobates_kingsburyi_LWS_1146	CAJOBX010044445.1	20.423	284	194	10	70	340	34092303	34093097	0.86	39.3
Allobates_kingsburyi_LWS_1146	CAJOBX010044445.1	21.902	347	224	18	5	334	33767126	33768076	1.2	38.9
Allobates_kingsburyi_LWS_1146	CAJOBX010044445.1	18.505	281	207	5	70	340	34108951	34109757	2.2	38.1
Allobates_kingsburyi_LWS_1146	CAJOBX010044445.1	18.809	319	230	8	29	339	30184289	30185182	3.7	37.4
Allobates_kingsburyi_LWS_1146	CAJOBX010040558.1	27.211	147	90	5	48	183	58106	58528	4.28e-06	56.2
Allobates_kingsburyi_LWS_1146	CAJOBX010023736.1	24.031	258	156	9	37	276	58598	57891	4.29e-06	56.2
Allobates_kingsburyi_LWS_1146	CAJOBX010013238.1	21.799	289	182	10	70	338	15948	16742	4.75e-06	55.8
Allobates_kingsburyi_LWS_1146	CAJOBX010021824.1	23.673	245	158	7	90	323	44471	45151	4.89e-06	55.8
Allobates_kingsburyi_LWS_1146	CAJOBX010018047.1	23.358	274	175	10	75	330	59204	58434	5.29e-06	55.8
Allobates_kingsburyi_LWS_1146	CAJOBX010001558.1	18.452	336	236	9	31	338	1193013	1192036	6.20e-06	55.8
Allobates_kingsburyi_LWS_1146	CAJOBX010072117.1	24.699	332	209	15	20	330	10209	9274	8.25e-06	55.5
Allobates_kingsburyi_LWS_1146	CAJOBX010002068.1	26.923	234	144	11	70	292	1267	1920	8.26e-06	43.9
Allobates_kingsburyi_LWS_1146	CAJOBX010002068.1	40.541	37	19	1	300	336	1973	2074	8.26e-06	31.6
Allobates_kingsburyi_LWS_1146	CAJOBX010002068.1	26.280	293	168	15	70	334	21364	22182	0.002	47.8
Allobates_kingsburyi_LWS_1146	CAJOBX010002068.1	26.117	291	173	18	70	340	62252	63058	0.004	46.6
Allobates_kingsburyi_LWS_1146	CAJOBX010002068.1	22.368	304	203	14	51	343	88651	89496	6.4	36.6
Allobates_kingsburyi_LWS_1146	CAJOBX010025762.1	21.967	305	219	10	42	339	5662	4784	9.47e-06	55.1
Allobates_kingsburyi_LWS_1146	CAJOBX010032223.1	21.379	290	190	8	65	338	5450162	5450965	1.07e-05	55.1
Allobates_kingsburyi_LWS_1146	CAJOBX010032223.1	22.867	293	188	8	65	341	5614289	5615101	1.54e-05	54.3
Allobates_kingsburyi_LWS_1146	CAJOBX010032223.1	22.571	319	199	11	40	332	5690744	5691634	0.001	48.5
Allobates_kingsburyi_LWS_1146	CAJOBX010032223.1	22.571	319	199	11	40	332	5703471	5704361	0.002	48.1
Allobates_kingsburyi_LWS_1146	CAJOBX010032223.1	24.092	303	175	12	57	335	6106340	6105525	0.003	47.4
Allobates_kingsburyi_LWS_1146	CAJOBX010032223.1	19.749	319	209	9	43	336	5583308	5582418	0.006	46.2
Allobates_kingsburyi_LWS_1146	CAJOBX010032223.1	21.799	289	184	9	65	335	6293673	6292879	0.18	41.6
Allobates_kingsburyi_LWS_1146	CAJOBX010032223.1	20.996	281	172	11	81	339	6134828	6134070	0.22	41.2
Allobates_kingsburyi_LWS_1146	CAJOBX010032223.1	22.759	290	180	11	65	335	6307983	6307189	0.57	39.7
Allobates_kingsburyi_LWS_1146	CAJOBX010032223.1	22.066	213	153	6	66	271	5004389	5005009	2.2	38.1
Allobates_kingsburyi_LWS_1146	CAJOBX010070937.1	21.254	287	187	10	70	339	2148784	2149578	1.08e-05	55.1
Allobates_kingsburyi_LWS_1146	CAJOBX010070937.1	22.340	282	166	15	82	339	1731754	1732512	0.086	42.4
Allobates_kingsburyi_LWS_1146	CAJOBX010070937.1	23.649	296	194	14	59	338	6623489	6622650	0.45	40.0
Allobates_kingsburyi_LWS_1146	CAJOBX010070937.1	23.605	233	137	11	125	339	1761027	1761656	0.73	39.3
Allobates_kingsburyi_LWS_1146	CAJOBX010000447.1	21.574	343	229	11	4	330	4067623	4068579	1.12e-05	54.7
Allobates_kingsburyi_LWS_1146	CAJOBX010000447.1	25.085	295	188	10	55	332	3994431	3995267	5.73e-04	49.3
Allobates_kingsburyi_LWS_1146	CAJOBX010000447.1	22.378	286	173	8	8	285	3475272	3474538	0.098	42.4
Allobates_kingsburyi_LWS_1146	CAJOBX010000447.1	22.568	257	173	9	91	332	4181590	4182327	4.1	37.0
Allobates_kingsburyi_LWS_1146	CAJOBX010046601.1	22.185	302	213	10	42	335	3848	2985	1.38e-05	54.7
Allobates_kingsburyi_LWS_1146	CAJOBX010020446.1	21.379	290	191	8	66	338	1244464	1243655	1.51e-05	54.3
Allobates_kingsburyi_LWS_1146	CAJOBX010020446.1	20.748	294	210	6	57	340	1457357	1456515	2.64e-04	50.4
Allobates_kingsburyi_LWS_1146	CAJOBX010020446.1	19.377	289	213	6	51	331	1342972	1342142	0.066	42.7
Allobates_kingsburyi_LWS_1146	CAJOBX010020446.1	22.388	268	167	10	83	331	1421102	1420365	0.88	39.3
Allobates_kingsburyi_LWS_1146	CAJOBX010020446.1	18.321	131	101	2	58	187	1685891	1685514	4.7	37.0
Allobates_kingsburyi_LWS_1146	CAJOBX010030001.1	22.483	298	191	8	62	336	8348641	8349483	1.79e-05	54.3
Allobates_kingsburyi_LWS_1146	CAJOBX010004411.1	24.500	200	139	5	67	264	47430	47999	1.87e-05	54.3
Allobates_kingsburyi_LWS_1146	CAJOBX010011392.1	23.571	280	180	11	70	335	381220	381999	1.97e-05	53.9
Allobates_kingsburyi_LWS_1146	CAJOBX010019335.1	23.056	360	219	16	18	335	983637	982606	2.02e-05	53.9
Allobates_kingsburyi_LWS_1146	CAJOBX010010002.1	20.570	316	220	9	31	336	519213	518329	3.10e-05	53.5
Allobates_kingsburyi_LWS_1146	CAJOBX010036668.1	23.906	297	179	13	67	335	5362702	5361869	3.82e-05	53.1
Allobates_kingsburyi_LWS_1146	CAJOBX010036668.1	20.657	213	129	5	161	339	10155359	10155979	0.16	41.6
Allobates_kingsburyi_LWS_1146	CAJOBX010011128.1	22.260	292	177	11	70	338	44667	43873	4.31e-05	53.1
Allobates_kingsburyi_LWS_1146	CAJOBX010016780.1	22.581	310	186	13	59	336	2130897	2130034	5.96e-05	52.4
Allobates_kingsburyi_LWS_1146	CAJOBX010016780.1	25.263	95	69	2	65	158	730805	731086	1.1	38.9
Allobates_kingsburyi_LWS_1146	CAJOBX010016780.1	17.627	295	217	9	57	343	256803	255973	3.3	37.4
Allobates_kingsburyi_LWS_1146	CAJOBX010016780.1	23.864	88	66	1	71	158	1099717	1099977	6.9	36.2
Allobates_kingsburyi_LWS_1146	CAJOBX010016780.1	19.665	239	153	9	120	340	1312694	1312041	9.2	35.8
Allobates_kingsburyi_LWS_1146	CAJOBX010043334.1	26.441	295	185	12	57	334	2420570	2421409	7.16e-05	52.4
Allobates_kingsburyi_LWS_1146	CAJOBX010043334.1	25.000	260	171	9	88	334	1606708	1605962	0.002	47.8
Allobates_kingsburyi_LWS_1146	CAJOBX010047269.1	25.000	284	186	12	70	336	111903	112724	7.53e-05	52.4
Allobates_kingsburyi_LWS_1146	CAJOBX010070604.1	29.054	148	99	3	61	203	4885627	4886067	9.80e-05	52.0
Allobates_kingsburyi_LWS_1146	CAJOBX010053979.1	19.792	288	189	8	70	338	7752	6958	9.86e-05	52.0
Allobates_kingsburyi_LWS_1146	CAJOBX010053979.1	22.541	244	143	11	127	343	172900	172226	0.055	43.1
Allobates_kingsburyi_LWS_1146	CAJOBX010039979.1	23.132	281	178	9	32	285	18565	19374	1.02e-04	52.0
Allobates_kingsburyi_LWS_1146	CAJOBX010021446.1	23.810	273	175	8	82	339	1019483	1020247	1.50e-04	51.2
Allobates_kingsburyi_LWS_1146	CAJOBX010021446.1	24.126	286	173	10	71	336	26559	25774	1.54e-04	51.2
Allobates_kingsburyi_LWS_1146	CAJOBX010021446.1	20.863	278	183	8	82	342	975957	976730	8.47e-04	48.9
Allobates_kingsburyi_LWS_1146	CAJOBX010021446.1	22.876	306	189	11	55	339	447598	446759	0.001	48.5
Allobates_kingsburyi_LWS_1146	CAJOBX010021446.1	20.956	272	182	7	82	338	1013582	1014343	0.002	47.4
Allobates_kingsburyi_LWS_1146	CAJOBX010021446.1	23.132	281	159	11	83	336	62482	61730	0.006	46.2
Allobates_kingsburyi_LWS_1146	CAJOBX010021446.1	20.000	330	213	13	30	336	930339	929434	0.060	43.1
Allobates_kingsburyi_LWS_1146	CAJOBX010021446.1	21.477	298	154	10	82	341	1027571	1028338	0.22	41.2
Allobates_kingsburyi_LWS_1146	CAJOBX010021446.1	19.355	310	215	7	46	340	586537	585668	0.23	41.2
Allobates_kingsburyi_LWS_1146	CAJOBX010021446.1	26.400	125	79	3	216	339	413418	413080	5.7	36.6
Allobates_kingsburyi_LWS_1146	CAJOBX010021446.1	24.651	215	127	9	136	334	438287	437700	8.5	36.2
Allobates_kingsburyi_LWS_1146	CAJOBX010021446.1	26.882	93	60	2	70	158	703373	703107	9.3	35.8
Allobates_kingsburyi_LWS_1146	CAJOBX010071349.1	22.535	213	140	6	61	260	106748	107350	1.53e-04	51.2
Allobates_kingsburyi_LWS_1146	CAJOBX010054935.1	23.308	266	177	9	90	331	22377	23165	1.93e-04	50.8
Allobates_kingsburyi_LWS_1146	CAJOBX010034930.1	20.747	241	159	4	70	283	16562	15855	2.12e-04	50.8
Allobates_kingsburyi_LWS_1146	CAJOBX010025102.1	20.000	285	192	9	70	338	278378	277584	2.14e-04	50.8
Allobates_kingsburyi_LWS_1146	CAJOBX010025102.1	19.481	308	201	11	58	343	167696	166848	0.040	43.5
Allobates_kingsburyi_LWS_1146	CAJOBX010027891.1	21.575	292	206	6	57	338	789436	790272	2.71e-04	50.4
Allobates_kingsburyi_LWS_1146	CAJOBX010027891.1	21.399	243	168	6	106	338	1099718	1100407	0.006	46.2
Allobates_kingsburyi_LWS_1146	CAJOBX010027891.1	20.588	306	198	10	57	341	655726	654881	0.36	40.4
Allobates_kingsburyi_LWS_1146	CAJOBX010027891.1	22.831	219	142	9	125	331	833331	833942	4.5	37.0
Allobates_kingsburyi_LWS_1146	CAJOBX010027891.1	20.803	274	190	9	70	331	1068473	1067697	4.6	37.0
Allobates_kingsburyi_LWS_1146	CAJOBX010027891.1	20.629	286	203	8	66	341	639057	638242	6.9	36.2
Allobates_kingsburyi_LWS_1146	CAJOBX010003398.1	22.456	285	180	12	70	335	73044	73832	2.72e-04	50.4
Allobates_kingsburyi_LWS_1146	CAJOBX010003398.1	24.074	108	69	3	70	168	11630	11319	5.6	36.6
Allobates_kingsburyi_LWS_1146	CAJOBX010059446.1	21.967	305	195	12	54	338	672132	672977	2.78e-04	50.4
Allobates_kingsburyi_LWS_1146	CAJOBX010059446.1	21.317	319	190	13	48	338	734901	735758	3.98e-04	50.1
Allobates_kingsburyi_LWS_1146	CAJOBX010059446.1	24.419	86	65	0	73	158	606651	606908	2.3	37.7
Allobates_kingsburyi_LWS_1146	CAJOBX010047335.1	21.701	341	219	13	20	338	583370	582426	3.15e-04	50.1
Allobates_kingsburyi_LWS_1146	CAJOBX010003901.1	20.524	229	176	3	62	286	31002	31682	3.72e-04	50.1
Allobates_kingsburyi_LWS_1146	CAJOBX010072033.1	22.917	288	177	10	66	332	111415	110624	3.96e-04	50.1
Allobates_kingsburyi_LWS_1146	CAJOBX010020335.1	23.297	279	191	8	67	335	1237494	1238291	4.23e-04	49.7
Allobates_kingsburyi_LWS_1146	CAJOBX010037871.1	20.364	275	181	9	81	338	1030	269	5.00e-04	49.7
Allobates_kingsburyi_LWS_1146	CAJOBX010028702.1	21.667	180	130	5	172	340	146998	146459	5.62e-04	49.3
Allobates_kingsburyi_LWS_1146	CAJOBX010053064.1	22.145	289	186	8	65	335	2669	1866	7.66e-04	48.9
Allobates_kingsburyi_LWS_1146	CAJOBX010001359.1	23.827	277	185	11	82	343	96240	95443	7.76e-04	48.9
Allobates_kingsburyi_LWS_1146	CAJOBX010001359.1	22.222	261	182	8	82	334	109265	110008	0.93	39.3
Allobates_kingsburyi_LWS_1146	CAJOBX010001359.1	19.672	244	186	5	90	330	117433	116723	1.1	38.9
Allobates_kingsburyi_LWS_1146	CAJOBX010072084.1	22.944	231	161	7	31	259	62134	61487	8.23e-04	48.9
Allobates_kingsburyi_LWS_1146	CAJOBX010072084.1	27.711	83	55	2	259	339	60447	60208	0.55	39.7
Allobates_kingsburyi_LWS_1146	CAJOBX010003581.1	25.157	318	202	13	29	332	476797	475910	8.62e-04	48.9
Allobates_kingsburyi_LWS_1146	CAJOBX010043192.1	21.306	291	181	11	70	338	12903	12109	0.001	48.5
Allobates_kingsburyi_LWS_1146	CAJOBX010005534.1	23.656	279	184	12	78	342	29380	28589	0.001	48.5
Allobates_kingsburyi_LWS_1146	CAJOBX010010897.1	19.763	253	180	6	88	329	27355	26633	0.001	48.5
Allobates_kingsburyi_LWS_1146	CAJOBX010000682.1	20.430	279	200	8	70	339	36474	37271	0.001	48.1
Allobates_kingsburyi_LWS_1146	CAJOBX010000682.1	18.881	286	196	8	70	339	81981	82778	0.008	45.8
Allobates_kingsburyi_LWS_1146	CAJOBX010018779.1	24.390	287	179	12	70	339	892120	892917	0.002	48.1
Allobates_kingsburyi_LWS_1146	CAJOBX010013335.1	21.586	227	160	5	66	285	1926348	1925701	0.002	47.8
Allobates_kingsburyi_LWS_1146	CAJOBX010006402.1	28.889	90	61	2	250	336	366310	366579	0.002	47.8
Allobates_kingsburyi_LWS_1146	CAJOBX010035444.1	21.254	287	186	10	70	338	10930	10136	0.002	47.8
Allobates_kingsburyi_LWS_1146	CAJOBX010071695.1	21.429	126	98	1	68	192	131304	130927	0.002	47.8
Allobates_kingsburyi_LWS_1146	CAJOBX010070555.1	19.601	301	206	10	59	337	79077	78217	0.002	47.8
Allobates_kingsburyi_LWS_1146	CAJOBX010000985.1	24.062	320	191	18	50	343	47948	48829	0.002	47.8
Allobates_kingsburyi_LWS_1146	CAJOBX010010465.1	20.068	294	198	10	57	332	22168	22992	0.003	47.4
Allobates_kingsburyi_LWS_1146	CAJOBX010024780.1	20.137	293	212	6	48	331	585914	585075	0.003	47.4
Allobates_kingsburyi_LWS_1146	CAJOBX010024780.1	21.528	288	201	8	66	342	1395758	1394937	0.009	45.4
Allobates_kingsburyi_LWS_1146	CAJOBX010024780.1	22.260	292	190	9	66	340	53295	52480	0.048	43.1
Allobates_kingsburyi_LWS_1146	CAJOBX010024780.1	20.297	202	123	8	81	258	468815	469378	0.12	42.0
Allobates_kingsburyi_LWS_1146	CAJOBX010024780.1	21.300	277	193	7	66	331	1415087	1414299	0.56	39.7
Allobates_kingsburyi_LWS_1146	CAJOBX010024780.1	21.739	230	145	7	125	338	788241	788873	0.66	39.7
Allobates_kingsburyi_LWS_1146	CAJOBX010024780.1	24.444	225	130	10	136	340	923825	923211	0.68	39.7
Allobates_kingsburyi_LWS_1146	CAJOBX010024780.1	18.321	131	101	2	58	187	759346	759723	1.5	38.5
Allobates_kingsburyi_LWS_1146	CAJOBX010027513.1	21.754	285	198	8	70	343	183583	182771	0.003	47.0
Allobates_kingsburyi_LWS_1146	CAJOBX010071434.1	21.683	309	210	12	44	339	83512	84381	0.004	47.0
Allobates_kingsburyi_LWS_1146	CAJOBX010071434.1	24.138	116	75	5	52	157	101436	101774	3.9	37.0
Allobates_kingsburyi_LWS_1146	CAJOBX010003966.1	37.705	61	38	0	267	327	53648	53830	0.005	46.6
Allobates_kingsburyi_LWS_1146	CAJOBX010003891.1	20.611	131	94	2	211	335	238803	239183	0.005	46.6
Allobates_kingsburyi_LWS_1146	CAJOBX010013004.1	22.222	90	60	2	253	336	21155	20898	0.005	46.2
Allobates_kingsburyi_LWS_1146	CAJOBX010034746.1	25.688	109	64	4	239	340	8102	7806	0.006	45.8
Allobates_kingsburyi_LWS_1146	CAJOBX010012102.1	19.847	262	185	8	86	336	124614	125357	0.007	45.8
Allobates_kingsburyi_LWS_1146	CAJOBX010000113.1	20.492	244	169	4	62	283	32236	31514	0.007	45.8
Allobates_kingsburyi_LWS_1146	CAJOBX010024113.1	31.884	69	46	1	125	192	311461	311255	0.008	45.8
Allobates_kingsburyi_LWS_1146	CAJOBX010070826.1	20.069	289	192	11	70	340	2453663	2452860	0.009	45.4
Allobates_kingsburyi_LWS_1146	CAJOBX010070826.1	19.649	285	208	6	66	341	161534	162352	0.27	40.8
Allobates_kingsburyi_LWS_1146	CAJOBX010070826.1	21.455	275	181	9	81	339	1549249	1550016	0.30	40.8
Allobates_kingsburyi_LWS_1146	CAJOBX010070826.1	20.727	275	185	12	81	340	1921054	1921824	0.92	39.3
Allobates_kingsburyi_LWS_1146	CAJOBX010070826.1	24.359	78	59	0	81	158	1872933	1872700	1.3	38.5
Allobates_kingsburyi_LWS_1146	CAJOBX010070826.1	21.455	275	187	9	79	340	1599814	1599038	1.7	38.1
Allobates_kingsburyi_LWS_1146	CAJOBX010070826.1	23.016	126	69	6	81	185	1481389	1481033	6.6	36.2
Allobates_kingsburyi_LWS_1146	CAJOBX010007002.1	19.817	328	223	13	29	330	406000	406941	0.009	45.4
Allobates_kingsburyi_LWS_1146	CAJOBX010001193.1	26.667	90	56	3	253	336	49970	49713	0.010	45.4
Allobates_kingsburyi_LWS_1146	CAJOBX010014219.1	28.409	88	60	1	252	336	17388	17125	0.011	45.4
Allobates_kingsburyi_LWS_1146	CAJOBX010024090.1	26.866	134	89	5	59	188	1654	1268	0.011	45.4
Allobates_kingsburyi_LWS_1146	CAJOBX010015446.1	23.453	307	186	15	56	338	1509523	1508678	0.011	45.4
Allobates_kingsburyi_LWS_1146	CAJOBX010015446.1	20.579	311	189	14	56	338	1491187	1490345	0.015	44.7
Allobates_kingsburyi_LWS_1146	CAJOBX010015446.1	21.711	304	195	14	56	338	1465181	1464336	0.36	40.4
Allobates_kingsburyi_LWS_1146	CAJOBX010015446.1	21.338	314	195	14	55	343	1414566	1413706	1.9	38.1
Allobates_kingsburyi_LWS_1146	CAJOBX010003335.1	26.897	145	103	3	61	203	4323820	4324251	0.011	45.4
Allobates_kingsburyi_LWS_1146	CAJOBX010003335.1	32.895	76	40	3	261	329	22476042	22475827	0.27	40.8
Allobates_kingsburyi_LWS_1146	CAJOBX010030557.1	24.390	246	170	6	32	268	471202	471918	0.011	45.4
Allobates_kingsburyi_LWS_1146	CAJOBX010056002.1	26.582	158	111	4	80	237	561082	561540	0.012	45.4
Allobates_kingsburyi_LWS_1146	CAJOBX010003290.1	23.427	286	177	9	70	336	78114	77326	0.012	45.1
Allobates_kingsburyi_LWS_1146	CAJOBX010003290.1	21.831	284	176	12	70	332	44765	43989	0.26	40.8
Allobates_kingsburyi_LWS_1146	CAJOBX010017891.1	30.189	106	60	4	61	158	1807275	1806976	0.012	45.1
Allobates_kingsburyi_LWS_1146	CAJOBX010017891.1	29.787	94	54	3	70	157	1788671	1788408	0.28	40.8
Allobates_kingsburyi_LWS_1146	CAJOBX010017891.1	20.979	286	191	10	70	340	1831016	1830219	0.37	40.4
Allobates_kingsburyi_LWS_1146	CAJOBX010062494.1	22.333	300	186	10	66	343	4766	3942	0.014	45.1
Allobates_kingsburyi_LWS_1146	CAJOBX010071736.1	23.132	281	176	11	70	332	48234	49010	0.015	45.1
Allobates_kingsburyi_LWS_1146	CAJOBX010071736.1	22.581	279	180	10	70	332	114056	114832	0.035	43.9
Allobates_kingsburyi_LWS_1146	CAJOBX010057080.1	25.581	215	127	10	137	336	101264	100674	0.015	45.1
Allobates_kingsburyi_LWS_1146	CAJOBX010022447.1	23.659	317	204	14	47	343	437248	438144	0.015	45.1
Allobates_kingsburyi_LWS_1146	CAJOBX010022447.1	23.739	337	219	13	18	334	858276	859232	0.062	42.7
Allobates_kingsburyi_LWS_1146	CAJOBX010022447.1	22.074	299	202	9	50	330	718556	717699	0.31	40.8
Allobates_kingsburyi_LWS_1146	CAJOBX010001344.1	19.868	302	212	10	56	337	64025	64900	0.015	45.1
Allobates_kingsburyi_LWS_1146	CAJOBX010014447.1	27.273	88	58	1	250	331	801415	801678	0.015	45.1
Allobates_kingsburyi_LWS_1146	CAJOBX010001113.1	31.707	82	55	1	70	150	3387976	3388221	0.016	44.7
Allobates_kingsburyi_LWS_1146	CAJOBX010001113.1	20.085	234	126	7	150	336	3500119	3500778	0.63	39.7
Allobates_kingsburyi_LWS_1146	CAJOBX010020158.1	22.222	216	128	5	161	342	250489	251118	0.016	44.7
Allobates_kingsburyi_LWS_1146	CAJOBX010073049.1	21.030	233	150	9	125	343	403643	403005	0.017	44.7
Allobates_kingsburyi_LWS_1146	CAJOBX010073049.1	17.982	228	163	7	125	343	159023	158385	0.037	43.5
Allobates_kingsburyi_LWS_1146	CAJOBX010073049.1	19.283	223	156	7	125	338	248425	247802	0.050	43.1
Allobates_kingsburyi_LWS_1146	CAJOBX010073049.1	20.000	225	146	9	125	335	310397	311011	0.50	40.0
Allobates_kingsburyi_LWS_1146	CAJOBX010051112.1	24.123	228	157	8	57	282	9610043	9609402	0.018	44.7
Allobates_kingsburyi_LWS_1146	CAJOBX010005492.1	31.250	80	52	2	262	338	37762	38001	0.022	44.3
Allobates_kingsburyi_LWS_1146	CAJOBX010000001.1	21.754	285	190	11	70	339	49264515	49265315	0.024	44.3
Allobates_kingsburyi_LWS_1146	CAJOBX010000001.1	21.661	277	167	10	84	332	48694002	48693238	0.026	44.3
Allobates_kingsburyi_LWS_1146	CAJOBX010000001.1	22.069	290	186	12	70	340	49300053	49300859	0.51	40.0
Allobates_kingsburyi_LWS_1146	CAJOBX010000001.1	18.605	301	201	8	57	339	49253338	49252514	0.87	39.3
Allobates_kingsburyi_LWS_1146	CAJOBX010000001.1	20.126	159	114	4	50	206	48916023	48915580	9.4	35.8
Allobates_kingsburyi_LWS_1146	CAJOBX010008557.1	20.557	287	205	12	56	332	841292	840471	0.025	44.3
Allobates_kingsburyi_LWS_1146	CAJOBX010005491.1	34.328	67	42	1	266	332	446600	446794	0.025	44.3
Allobates_kingsburyi_LWS_1146	CAJOBX010029263.1	22.968	283	198	12	59	332	14940	15755	0.025	44.3
Allobates_kingsburyi_LWS_1146	CAJOBX010040398.1	21.277	235	141	9	124	338	2456	3088	0.025	44.3
Allobates_kingsburyi_LWS_1146	CAJOBX010070244.1	23.410	346	225	16	2	330	88198	87230	0.029	43.9
Allobates_kingsburyi_LWS_1146	CAJOBX010015557.1	20.736	299	175	11	70	338	14549563	14548763	0.030	43.9
Allobates_kingsburyi_LWS_1146	CAJOBX010015557.1	23.469	196	138	4	57	250	19641620	19641063	0.062	42.7
Allobates_kingsburyi_LWS_1146	CAJOBX010057601.1	22.977	309	201	10	52	343	5644	6510	0.032	43.9
Allobates_kingsburyi_LWS_1146	CAJOBX010011112.1	21.404	285	183	9	66	335	23117766	23116990	0.035	43.5
Allobates_kingsburyi_LWS_1146	CAJOBX010011112.1	19.853	136	86	3	216	331	18600336	18600734	6.6	36.6
Allobates_kingsburyi_LWS_1146	CAJOBX010031759.1	20.470	298	190	9	65	340	11108	10290	0.040	43.5
Allobates_kingsburyi_LWS_1146	CAJOBX010044334.1	21.769	294	189	11	70	329	750684	751544	0.045	43.5
Allobates_kingsburyi_LWS_1146	CAJOBX010012703.1	30.882	68	47	0	267	334	172510	172713	0.047	43.1
Allobates_kingsburyi_LWS_1146	CAJOBX010004968.1	23.729	118	77	4	228	335	52975	53319	0.048	43.1
Allobates_kingsburyi_LWS_1146	CAJOBX010021972.1	25.000	228	128	10	125	332	5787	6401	0.048	43.1
Allobates_kingsburyi_LWS_1146	CAJOBX010018558.1	19.661	295	199	9	66	343	15488	14667	0.050	43.1
Allobates_kingsburyi_LWS_1146	CAJOBX010018558.1	20.561	321	192	13	47	338	270548	269688	7.5	36.2
Allobates_kingsburyi_LWS_1146	CAJOBX010018558.1	26.230	122	73	4	222	338	256186	255857	9.3	35.8
Allobates_kingsburyi_LWS_1146	CAJOBX010014002.1	21.805	133	98	2	54	181	2714199	2713804	0.051	43.1
Allobates_kingsburyi_LWS_1146	CAJOBX010004558.1	20.280	286	169	12	73	337	330833	330090	0.051	43.1
Allobates_kingsburyi_LWS_1146	CAJOBX010010513.1	23.000	300	187	10	59	334	39215	38376	0.052	43.1
Allobates_kingsburyi_LWS_1146	CAJOBX010042223.1	23.846	130	86	4	70	192	3620385	3620014	0.053	43.1
Allobates_kingsburyi_LWS_1146	CAJOBX010042223.1	22.222	279	172	10	83	339	593846	593079	0.19	41.2
Allobates_kingsburyi_LWS_1146	CAJOBX010042223.1	25.532	94	60	2	70	158	3609610	3609344	3.5	37.4
Allobates_kingsburyi_LWS_1146	CAJOBX010042223.1	23.438	128	89	2	70	192	3573185	3572814	5.8	36.6
Allobates_kingsburyi_LWS_1146	CAJOBX010065401.1	20.147	273	186	11	70	332	143189	142437	0.056	43.1
Allobates_kingsburyi_LWS_1146	CAJOBX010000375.1	23.684	228	139	7	125	338	88584	87964	0.059	43.1
Allobates_kingsburyi_LWS_1146	CAJOBX010006668.1	40.625	64	32	3	267	327	8164573	8164755	0.061	42.7
Allobates_kingsburyi_LWS_1146	CAJOBX010006668.1	35.000	60	39	0	66	125	8159885	8160064	0.19	41.2
Allobates_kingsburyi_LWS_1146	CAJOBX010011336.1	21.905	315	214	11	33	332	878196	879089	0.062	42.7
Allobates_kingsburyi_LWS_1146	CAJOBX010055390.1	23.849	239	154	10	55	286	80443	81096	0.063	42.7
Allobates_kingsburyi_LWS_1146	CAJOBX010000800.1	21.786	280	141	11	87	335	39291	39989	0.068	42.7
Allobates_kingsburyi_LWS_1146	CAJOBX010008458.1	24.818	137	89	4	54	183	200239	200628	0.068	42.7
Allobates_kingsburyi_LWS_1146	CAJOBX010011088.1	29.348	92	59	1	54	139	35179	34904	0.073	42.7
Allobates_kingsburyi_LWS_1146	CAJOBX010008317.1	23.000	100	77	0	172	271	24736	25035	0.081	42.4
Allobates_kingsburyi_LWS_1146	CAJOBX010004686.1	24.405	168	103	5	21	180	76336	76791	0.082	42.4
Allobates_kingsburyi_LWS_1146	CAJOBX010018633.1	23.729	118	79	2	221	338	25108	24788	0.082	42.4
Allobates_kingsburyi_LWS_1146	CAJOBX010010335.1	28.070	114	64	5	214	323	2601808	2601509	0.084	42.4
Allobates_kingsburyi_LWS_1146	CAJOBX010070460.1	22.635	296	206	9	52	338	285025	284180	0.085	42.4
Allobates_kingsburyi_LWS_1146	CAJOBX010015780.1	22.258	310	209	10	32	335	482345	483196	0.089	42.4
Allobates_kingsburyi_LWS_1146	CAJOBX010072100.1	28.283	99	64	3	251	342	41778	41482	0.090	42.4
Allobates_kingsburyi_LWS_1146	CAJOBX010004034.1	19.658	234	153	9	125	342	31517	32161	0.097	42.4
Allobates_kingsburyi_LWS_1146	CAJOBX010004034.1	20.539	297	189	12	66	340	69277	70092	0.19	41.2
Allobates_kingsburyi_LWS_1146	CAJOBX010031112.1	20.144	278	185	8	81	341	14675074	14675847	0.097	42.4
Allobates_kingsburyi_LWS_1146	CAJOBX010010712.1	22.742	299	194	11	57	338	32463	31627	0.097	42.4
Allobates_kingsburyi_LWS_1146	CAJOBX010049447.1	22.957	257	171	8	91	332	184427	183693	0.10	42.4
Allobates_kingsburyi_LWS_1146	CAJOBX010049447.1	23.009	226	151	10	125	340	24789	25427	3.4	37.4
Allobates_kingsburyi_LWS_1146	CAJOBX010007867.1	23.214	280	184	12	72	334	28622	27825	0.10	42.4
Allobates_kingsburyi_LWS_1146	CAJOBX010006630.1	22.535	284	173	12	70	332	66061	66834	0.11	42.0
Allobates_kingsburyi_LWS_1146	CAJOBX010073133.1	22.500	320	222	13	37	343	115745	114825	0.11	42.0
Allobates_kingsburyi_LWS_1146	CAJOBX010003566.1	22.491	289	181	10	70	338	60662	61459	0.13	42.0
Allobates_kingsburyi_LWS_1146	CAJOBX010066124.1	23.510	302	181	15	66	336	107725	108573	0.13	42.0
Allobates_kingsburyi_LWS_1146	CAJOBX010011985.1	20.522	268	178	10	92	341	9354	10106	0.13	42.0
Allobates_kingsburyi_LWS_1146	CAJOBX010073048.1	29.630	81	41	4	259	332	5842288	5842073	0.13	42.0
Allobates_kingsburyi_LWS_1146	CAJOBX010005969.1	26.168	107	70	2	228	334	358824	359117	0.14	42.0
Allobates_kingsburyi_LWS_1146	CAJOBX010000359.1	23.853	109	66	4	239	340	186688	186392	0.14	42.0
Allobates_kingsburyi_LWS_1146	CAJOBX010000450.1	21.769	294	183	10	69	340	75197	76003	0.14	42.0
Allobates_kingsburyi_LWS_1146	CAJOBX010053024.1	22.593	270	183	11	70	332	79646	80398	0.14	42.0
Allobates_kingsburyi_LWS_1146	CAJOBX010071096.1	19.714	350	223	12	6	334	75245	74307	0.15	41.6
Allobates_kingsburyi_LWS_1146	CAJOBX010071096.1	18.855	297	194	9	61	335	22569	21754	0.24	41.2
Allobates_kingsburyi_LWS_1146	CAJOBX010071096.1	21.528	144	100	3	66	205	57781	57377	1.2	38.9
Allobates_kingsburyi_LWS_1146	CAJOBX010071096.1	20.072	279	188	10	81	343	7758	6979	1.5	38.5
Allobates_kingsburyi_LWS_1146	CAJOBX010012669.1	20.952	315	189	15	50	336	2796619	2797467	0.15	41.6
Allobates_kingsburyi_LWS_1146	CAJOBX010012669.1	21.384	318	184	16	50	336	2851493	2850645	0.25	40.8
Allobates_kingsburyi_LWS_1146	CAJOBX010012669.1	18.893	307	186	15	57	336	2704623	2703811	0.62	39.7
Allobates_kingsburyi_LWS_1146	CAJOBX010009981.1	24.409	127	88	4	210	332	36431	36063	0.15	41.6
Allobates_kingsburyi_LWS_1146	CAJOBX010027335.1	18.792	298	213	11	57	340	1218427	1219275	0.16	41.6
Allobates_kingsburyi_LWS_1146	CAJOBX010027335.1	19.408	304	202	12	52	335	1303348	1302506	0.76	39.3
Allobates_kingsburyi_LWS_1146	CAJOBX010040935.1	19.865	297	196	13	59	335	218786	217962	0.16	41.6
Allobates_kingsburyi_LWS_1146	CAJOBX010070507.1	25.893	112	80	1	33	144	37494	37820	0.16	41.6
Allobates_kingsburyi_LWS_1146	CAJOBX010023273.1	20.183	218	145	5	125	329	4169	3564	0.16	41.6
Allobates_kingsburyi_LWS_1146	CAJOBX010027158.1	22.881	118	82	3	81	193	85947	86288	0.17	41.6
Allobates_kingsburyi_LWS_1146	CAJOBX010020001.1	24.262	305	176	14	51	335	1595741	1594932	0.18	41.6
Allobates_kingsburyi_LWS_1146	CAJOBX010066667.1	20.821	341	222	11	15	332	26331645	26330698	0.18	41.6
Allobates_kingsburyi_LWS_1146	CAJOBX010019219.1	21.528	288	181	12	66	332	14530	13739	0.20	41.2
Allobates_kingsburyi_LWS_1146	CAJOBX010005669.1	24.031	129	93	3	32	158	5184264	5183887	0.20	41.2
Allobates_kingsburyi_LWS_1146	CAJOBX010000381.1	21.168	274	183	10	85	343	382913	382146	0.28	40.8
Allobates_kingsburyi_LWS_1146	CAJOBX010000381.1	20.530	302	200	9	54	339	543035	543868	0.81	39.3
Allobates_kingsburyi_LWS_1146	CAJOBX010000381.1	23.077	104	78	1	57	158	419134	419445	1.2	38.9
Allobates_kingsburyi_LWS_1146	CAJOBX010072679.1	20.579	311	208	10	1	283	80727	79828	0.33	40.4
Allobates_kingsburyi_LWS_1146	CAJOBX010014212.1	25.503	149	92	7	16	158	39641	40048	0.38	40.4
Allobates_kingsburyi_LWS_1146	CAJOBX010011297.1	24.000	125	90	3	70	191	28171	28539	0.41	40.4
Allobates_kingsburyi_LWS_1146	CAJOBX010006669.1	21.587	315	197	12	62	336	1997593	1996679	0.47	40.0
Allobates_kingsburyi_LWS_1146	CAJOBX010003942.1	21.429	280	196	10	70	337	42129	41326	0.49	40.0
Allobates_kingsburyi_LWS_1146	CAJOBX010024164.1	26.087	161	101	6	17	165	4746	5210	0.51	40.0
Allobates_kingsburyi_LWS_1146	CAJOBX010063857.1	22.436	312	192	14	42	332	2973	2125	0.54	40.0
Allobates_kingsburyi_LWS_1146	CAJOBX010016707.1	22.015	268	172	10	81	331	22850	22107	0.57	39.7
Allobates_kingsburyi_LWS_1146	CAJOBX010037335.1	26.220	164	106	3	43	191	697481	696990	0.57	39.7
Allobates_kingsburyi_LWS_1146	CAJOBX010001894.1	22.549	102	76	1	244	342	68429	68124	0.58	39.7
Allobates_kingsburyi_LWS_1146	CAJOBX010001244.1	19.032	310	184	13	58	335	91621	92445	0.59	39.7
Allobates_kingsburyi_LWS_1146	CAJOBX010015458.1	21.107	289	191	6	70	341	205429	204623	0.61	39.7
Allobates_kingsburyi_LWS_1146	CAJOBX010015458.1	18.056	288	216	7	58	336	200569	201399	7.7	36.2
Allobates_kingsburyi_LWS_1146	CAJOBX010020167.1	23.214	224	144	8	125	336	4255	4878	0.62	39.7
Allobates_kingsburyi_LWS_1146	CAJOBX010038831.1	24.088	137	90	5	49	177	7524	7916	0.66	39.7
Allobates_kingsburyi_LWS_1146	CAJOBX010016698.1	22.115	312	186	13	53	338	23891	24733	0.69	39.7
Allobates_kingsburyi_LWS_1146	CAJOBX010034446.1	26.087	92	67	1	248	339	3449995	3449723	0.80	39.3
Allobates_kingsburyi_LWS_1146	CAJOBX010034446.1	22.867	293	187	9	55	331	10855206	10854397	3.0	37.4
Allobates_kingsburyi_LWS_1146	CAJOBX010038478.1	19.377	289	198	9	59	331	13637	12828	0.80	39.3
Allobates_kingsburyi_LWS_1146	CAJOBX010012955.1	20.062	324	213	15	32	335	25035	24142	0.85	39.3
Allobates_kingsburyi_LWS_1146	CAJOBX010011714.1	22.337	291	196	11	60	339	90750	91565	0.89	39.3
Allobates_kingsburyi_LWS_1146	CAJOBX010003648.1	21.053	95	74	1	245	338	36113	35829	0.90	39.3
Allobates_kingsburyi_LWS_1146	CAJOBX010022157.1	21.147	279	179	11	81	340	212761	211991	0.94	39.3
Allobates_kingsburyi_LWS_1146	CAJOBX010022157.1	20.861	302	194	9	61	339	173082	172243	1.6	38.5
Allobates_kingsburyi_LWS_1146	CAJOBX010014872.1	20.748	294	195	11	62	337	25987	25166	0.96	38.9
Allobates_kingsburyi_LWS_1146	CAJOBX010009832.1	25.874	143	90	7	130	266	4243	4641	1.0	38.9
Allobates_kingsburyi_LWS_1146	CAJOBX010009832.1	24.468	94	70	1	235	327	17790	18071	3.8	37.0
Allobates_kingsburyi_LWS_1146	CAJOBX010027635.1	21.959	296	196	9	19	291	223436	224287	1.1	38.9
Allobates_kingsburyi_LWS_1146	CAJOBX010070294.1	21.019	314	187	11	72	338	482932	482033	1.4	38.5
Allobates_kingsburyi_LWS_1146	CAJOBX010072294.1	21.714	350	211	14	13	338	362841	361909	1.5	38.5
Allobates_kingsburyi_LWS_1146	CAJOBX010003209.1	24.468	282	166	14	78	339	23727	22963	1.6	38.5
Allobates_kingsburyi_LWS_1146	CAJOBX010009739.1	22.300	287	181	10	70	336	14451	15245	1.6	38.5
Allobates_kingsburyi_LWS_1146	CAJOBX010025471.1	29.524	105	67	4	20	122	11909	11610	1.6	38.5
Allobates_kingsburyi_LWS_1146	CAJOBX010010413.1	24.691	81	56	1	75	155	222133	222360	1.9	38.1
Allobates_kingsburyi_LWS_1146	CAJOBX010000336.1	24.468	94	68	1	247	337	4786910	4787191	2.0	38.1
Allobates_kingsburyi_LWS_1146	CAJOBX010015825.1	21.591	88	66	1	252	336	155821	155558	2.1	38.1
Allobates_kingsburyi_LWS_1146	CAJOBX010041215.1	21.552	348	202	15	15	336	638	1546	2.1	37.7
Allobates_kingsburyi_LWS_1146	CAJOBX010052223.1	28.358	67	45	1	264	327	12022691	12022891	2.2	38.1
Allobates_kingsburyi_LWS_1146	CAJOBX010011669.1	20.712	309	188	11	57	340	1877093	1876263	2.2	37.7
Allobates_kingsburyi_LWS_1146	CAJOBX010011669.1	19.802	303	188	9	57	335	1844138	1843323	7.7	36.2
Allobates_kingsburyi_LWS_1146	CAJOBX010036909.1	16.479	267	183	7	84	339	10180	9467	2.3	37.7
Allobates_kingsburyi_LWS_1146	CAJOBX010003910.1	31.884	69	47	0	68	136	36238	36444	2.5	37.7
Allobates_kingsburyi_LWS_1146	CAJOBX010006002.1	32.812	64	42	1	267	329	1781179	1780988	2.6	37.7
Allobates_kingsburyi_LWS_1146	CAJOBX010036513.1	23.034	178	132	3	11	185	29863	30390	2.7	37.7
Allobates_kingsburyi_LWS_1146	CAJOBX010001163.1	21.037	347	217	16	18	340	59092	58151	2.8	37.7
Allobates_kingsburyi_LWS_1146	CAJOBX010012224.1	21.622	111	79	2	238	340	20351153	20351485	2.9	37.4
Allobates_kingsburyi_LWS_1146	CAJOBX010001669.1	20.710	169	128	5	37	202	878806	879303	3.0	37.4
Allobates_kingsburyi_LWS_1146	CAJOBX010070331.1	23.423	111	79	3	225	329	81992	82324	3.2	37.4
Allobates_kingsburyi_LWS_1146	CAJOBX010014958.1	20.772	337	227	10	13	330	213321	214268	3.2	37.4
Allobates_kingsburyi_LWS_1146	CAJOBX010054073.1	20.779	77	61	0	262	338	3951	3721	3.2	37.4
Allobates_kingsburyi_LWS_1146	CAJOBX010071278.1	22.381	210	134	8	143	340	54393	54971	3.4	37.4
Allobates_kingsburyi_LWS_1146	CAJOBX010060001.1	26.562	128	75	5	228	336	4042086	4042469	3.4	37.4
Allobates_kingsburyi_LWS_1146	CAJOBX010005567.1	18.728	283	196	7	65	335	3128	3910	3.7	37.4
Allobates_kingsburyi_LWS_1146	CAJOBX010071271.1	24.800	125	79	3	219	332	7754590	7754228	3.7	37.4
Allobates_kingsburyi_LWS_1146	CAJOBX010067001.1	18.815	287	189	10	70	336	3690	2902	3.8	37.0
Allobates_kingsburyi_LWS_1146	CAJOBX010017448.1	21.154	156	103	5	15	158	5371	5814	4.2	37.0
Allobates_kingsburyi_LWS_1146	CAJOBX010068247.1	22.747	233	143	9	125	340	64312	63674	4.2	37.0
Allobates_kingsburyi_LWS_1146	CAJOBX010070948.1	21.091	275	202	7	62	331	32574	33368	4.3	37.0
Allobates_kingsburyi_LWS_1146	CAJOBX010030535.1	22.566	226	139	11	125	334	203479	204096	4.6	37.0
Allobates_kingsburyi_LWS_1146	CAJOBX010044545.1	27.397	73	51	2	86	157	3710	3925	4.9	36.6
Allobates_kingsburyi_LWS_1146	CAJOBX010004292.1	21.053	285	208	7	14	285	56202	55360	5.1	36.6
Allobates_kingsburyi_LWS_1146	CAJOBX010025703.1	25.000	92	63	3	70	158	116505	116239	5.3	36.6
Allobates_kingsburyi_LWS_1146	CAJOBX010012786.1	26.804	97	61	3	66	157	32154	31879	5.4	36.6
Allobates_kingsburyi_LWS_1146	CAJOBX010018891.1	29.167	96	62	3	66	158	1274324	1274602	5.4	36.6
Allobates_kingsburyi_LWS_1146	CAJOBX010018891.1	20.656	305	187	13	61	339	273923	274750	6.0	36.6
Allobates_kingsburyi_LWS_1146	CAJOBX010058391.1	23.404	94	68	1	250	339	47374	47655	5.5	36.6
Allobates_kingsburyi_LWS_1146	CAJOBX010010860.1	21.479	284	178	13	70	332	37016	37795	5.5	36.6
Allobates_kingsburyi_LWS_1146	CAJOBX010058857.1	23.490	149	103	3	190	338	11094	11507	5.6	36.6
Allobates_kingsburyi_LWS_1146	CAJOBX010002781.1	27.059	85	54	1	262	338	181864	181610	5.7	36.6
Allobates_kingsburyi_LWS_1146	CAJOBX010006311.1	25.253	99	65	2	247	340	9992	10276	6.2	36.6
Allobates_kingsburyi_LWS_1146	CAJOBX010003947.1	21.356	295	184	11	67	339	60715	59909	6.6	36.6
Allobates_kingsburyi_LWS_1146	CAJOBX010002224.1	21.459	233	144	11	125	339	23032572	23031937	6.6	36.6
Allobates_kingsburyi_LWS_1146	CAJOBX010070762.1	32.432	74	44	3	260	330	125255	125043	6.7	36.2
Allobates_kingsburyi_LWS_1146	CAJOBX010068890.1	32.432	74	44	3	260	330	9361980	9361768	6.7	36.2
Allobates_kingsburyi_LWS_1146	CAJOBX010071510.1	23.358	137	96	4	43	176	92979	93371	6.8	36.2
Allobates_kingsburyi_LWS_1146	CAJOBX010014446.1	24.818	137	90	5	33	162	1337629	1337237	7.0	36.2
Allobates_kingsburyi_LWS_1146	CAJOBX010015858.1	27.211	147	87	6	108	235	33804	33367	7.6	36.2
Allobates_kingsburyi_LWS_1146	CAJOBX010028743.1	31.884	69	42	2	193	256	6335	6541	7.6	36.2
Allobates_kingsburyi_LWS_1146	CAJOBX010017391.1	23.630	292	184	11	59	332	298233	299045	7.9	36.2
Allobates_kingsburyi_LWS_1146	CAJOBX010011652.1	21.951	287	182	9	70	338	29590	28802	8.4	36.2
Allobates_kingsburyi_LWS_1146	CAJOBX010054890.1	30.556	72	41	2	178	241	723106	722894	8.6	36.2
Allobates_kingsburyi_LWS_1146	CAJOBX010027779.1	22.120	217	146	6	66	277	2896477	2895881	8.6	36.2
Allobates_kingsburyi_LWS_1146	CAJOBX010000775.1	19.598	199	144	5	139	330	52650	52081	9.1	35.8
# BLAST processed 1 queries
